Feature	Gain	Cover	Frequency
ctrx_quarter_normalizado	0.134231412392419	0.0314157232072139	0.0279797823508175
ctrx_quarter	0.118211066726665	0.0317032066427129	0.0388106658414565
mcaja_ahorro	0.0408456599468225	0.0142783704427539	0.0295012636030739
mcuentas_saldo	0.035973953811614	0.0272812718295626	0.0290628706998814
mrentabilidad_annual	0.0240368861815432	0.0194090412832465	0.0224354015163237
mprestamos_personales	0.0206356566811714	0.0175838272083092	0.00577647119500748
mpasivos_margen	0.0194403771919369	0.0183898719210523	0.0279024188973129
cliente_edad	0.0182767069972266	0.0332671302747581	0.0348909175305586
mtarjeta_visa_consumo	0.0181122890233455	0.00838340003354705	0.0136417556346382
cpayroll_trx	0.0168602930687938	0.01729629015155	0.00943834132755686
mpayroll_sobre_edad	0.0166260764790514	0.0199675086938929	0.0145185414410233
Master_Fvencimiento	0.0154750741717128	0.0170502599221078	0.0198566197328382
Master_fechaalta	0.015246302995431	0.0159729631279164	0.0214554644385992
mpayroll	0.0149511555461575	0.019886856360679	0.0137449069059776
numero_de_cliente	0.0142589718685627	0.0104129587730757	0.0197534684614988
mrentabilidad	0.0141965332011095	0.013346486562254	0.0147764196193718
chomebanking_transacciones	0.0141457637121804	0.0157768443618298	0.0177420186703801
mactivos_margen	0.0135079068050296	0.0124267806657306	0.0162979008716282
mcuenta_corriente	0.0126469402867967	0.012906432767817	0.0139254216308216
Visa_Fvencimiento	0.0124146511912039	0.0123567314402222	0.0151116612512249
Visa_fechaalta	0.0114462668653161	0.0105884492417775	0.0173036257671876
mtransferencias_recibidas	0.0114250659954537	0.0105497902991673	0.0109598225798133
mv_Fvencimiento	0.0114217437216025	0.0129980337679687	0.0144669658053536
cliente_antiguedad	0.0112451737108693	0.0183952042574804	0.0220485842488009
cdescubierto_preacordado	0.00980559560556302	0.00407849858564989	0.00203723760895353
cprestamos_personales	0.00964531686054312	0.00606276722006058	0.00278508432616432
mcomisiones_otras	0.00885712534685604	0.0135001392762584	0.014750631801537
mvr_mpagospesos	0.00871973550344543	0.00612168705512476	0.00990252204858425
mcomisiones	0.00848100406033203	0.0109327612831941	0.0149569343442158
mcuenta_debitos_automaticos	0.00826551626258921	0.0100102571512788	0.00670483263706225
mv_status01	0.00805102974053231	0.0061400394279112	0.00250141832998092
cproductos	0.00802177258817996	0.0218686584171218	0.0146732683480324
mvr_mpagominimo	0.00784421298802409	0.0113743363326418	0.0120171231110423
ctarjeta_visa_transacciones	0.00776986377573006	0.00900189148002264	0.010650368765795
mvr_msaldopesos2	0.00764299280351084	0.00899335974173777	0.0159110836041054
mv_fechaalta	0.00756378178213222	0.010558248556466	0.0156016297900872
Master_mfinanciacion_limite	0.00708369300032221	0.0110199315784776	0.0154984785187477
mcaja_ahorro_dolares	0.00698991224205435	0.00648555894066792	0.0104440662231162
mttarjeta_visa_debitos_automaticos	0.00682763508554923	0.00979547024276251	0.0102635514982722
ccallcenter_transacciones	0.00649925459176117	0.00925592517903841	0.00541544174531951
mv_msaldopesos	0.00646967990629217	0.00517197509860453	0.0096446438702357
Visa_mpagominimo	0.00643674674579765	0.00448576993039682	0.00961885605240085
Visa_mpagospesos	0.00635507492949089	0.00612643551560873	0.0117334571148589
Visa_mconsumospesos	0.00616565040991081	0.00398975937201322	0.00948991696322657
mv_mpagospesos	0.00592526731546553	0.00568802213453844	0.00972200732374026
mvr_msaldototal	0.00584941290456128	0.0033910025352529	0.0056475321058332
mv_status06	0.00571325481478749	0.00133210303654813	0.000515756356697096
ccomisiones_mantenimiento	0.00560604165136238	0.00894773202127803	0.00332662850069627
mautoservicio	0.00551511566587157	0.00917078851969614	0.0163236886894631
mv_msaldototal	0.00521665653279603	0.0036812742762808	0.00879364588168549
Visa_mfinanciacion_limite	0.00513157831637636	0.00897709661212537	0.00905152406003404
ccomisiones_otras	0.00512521038522953	0.0081670998139104	0.00954149259889628
mvr_Master_mlimitecompra	0.00504400487572456	0.00829055382857585	0.00773634535045644
mv_mpagominimo	0.00503793289792484	0.00547813859236884	0.0069627108154108
mcomisiones_mantenimiento	0.00501965035577789	0.00422256500991934	0.00412605085357677
mvr_Visa_mlimitecompra	0.00477713704107198	0.00657641917304022	0.00678219609056682
mv_mfinanciacion_limite	0.00464874033556921	0.00406542095608613	0.00742689153643819
mvr_mconsumospesos	0.00456490931125997	0.00504567717117745	0.00742689153643819
mpagomiscuentas	0.00451916240535641	0.0109264677360282	0.00636959100520914
Visa_cconsumos	0.0044929629486492	0.00520938685042262	0.00698849863324566
mtarjeta_master_consumo	0.00432472940484956	0.00952678999582985	0.00484810975295271
Visa_msaldopesos	0.00412036019522591	0.00515669701140119	0.00889679715302491
mtransferencias_emitidas	0.00408335478055915	0.00845492880864165	0.00742689153643819
Visa_status	0.00382737262890185	0.00214290812561086	0.000799422352880499
ctransferencias_recibidas	0.00371751387160955	0.0134384887288707	0.00567331992366806
mv_cconsumos	0.00350860647825632	0.00456207695556438	0.00459023157460416
ccaja_ahorro	0.00342564544502914	0.0137296640874311	0.00510598793130125
active_quarter	0.00338796908700355	0.00203818977644343	0.0010830883490639
Master_mconsumospesos	0.00335285158687417	0.0115002569252751	0.0102893393161071
tcallcenter	0.00332576959092189	0.00234602347316341	0.00185672288410955
ctarjeta_debito_transacciones	0.00325898977159063	0.00622555937996506	0.0120686987467121
Visa_mlimitecompra	0.00298999282294468	0.00593066628069951	0.00515756356697096
Visa_msaldototal	0.00298368315552127	0.00320629318174696	0.00732374026509877
Master_mpagospesos	0.00288818374309103	0.0116421070041242	0.00515756356697096
ctarjeta_debito	0.00271614879161859	0.00305493426609435	0.00363608231471453
mvr_msaldopesos	0.00270938416428282	0.00329355284579745	0.0056475321058332
thomebanking	0.00268422710470882	0.00159888469367624	0.00190829851977926
mv_mconsumospesos	0.00259089782563708	0.00171444843920626	0.00415183867141162
Visa_mpagado	0.00242206687204505	0.00243410135792465	0.00288823559750374
ccaja_seguridad	0.00233838190364669	0.00604273868640067	0.00126360307390789
Master_mlimitecompra	0.00231580640591967	0.00410957309890489	0.00533807829181495
cmobile_app_trx	0.00229746660466482	0.00167818060760514	0.00252720614781577
ctarjeta_visa_debitos_automaticos	0.00227383146143411	0.00407483049425973	0.00443550466759503
ccajas_consultas	0.00220446818745737	0.00800336828896664	0.00139254216308216
Visa_mconsumototal	0.0021958295378774	0.00128346259565586	0.00332662850069627
Master_msaldopesos	0.00215266739965808	0.0048378630124559	0.00435814121409046
Master_cconsumos	0.0019999809933512	0.00288192229119593	0.0042807777605859
Visa_mconsumosdolares	0.00181684739279735	0.00277188947935385	0.00324926504719171
mextraccion_autoservicio	0.00180439864943354	0.00197280957251503	0.00337820413636598
ccajas_transacciones	0.0017812497694442	0.00138920967862952	0.00100572489555934
Master_msaldototal	0.00171301740258159	0.00454423497773586	0.00567331992366806
matm	0.00169870651986123	0.0024587711095482	0.00278508432616432
ctransferencias_emitidas	0.00168428450250592	0.0060080020396733	0.003197689411522
mv_fultimo_cierre	0.0016581927474187	0.00177608309881314	0.00208881324462324
Master_mpagominimo	0.00162436229499454	0.00278997573181204	0.00260456960132034
internet	0.00160711879607222	0.00360419073582708	0.0013151787095776
cpagomiscuentas	0.00156656772935519	0.00310255788901599	0.00312032595801743
mv_mlimitecompra	0.00155550898226511	0.00149301845234665	0.00309453814018258
matm_other	0.00137768644322841	0.00456278594778219	0.00263035741915519
mvr_mpagado	0.00134225430238405	0.00387585391360328	0.00203723760895353
tmobile_app	0.00128374640387348	0.00797734609000325	0.00126360307390789
mv_mpagado	0.00122151346516836	0.00359263634724667	0.00165042034143071
Visa_fultimo_cierre	0.00121258757280091	0.0011500747460507	0.0013151787095776
ccuenta_debitos_automaticos	0.00120452037055188	0.00103088262858249	0.00234669142297179
ccajas_otras	0.00113116545876881	0.00416507110318117	0.000722058899375935
Master_fultimo_cierre	0.00110743492275258	0.0014510091739621	0.00149569343442158
cextraccion_autoservicio	0.00103368172448317	0.00152992179517942	0.00195987415544897
mplazo_fijo_dolares	0.000978086467803848	0.00741199331235643	0.00149569343442158
mv_mconsumototal	0.00087850508996545	0.000625454266407341	0.00165042034143071
mvr_mconsumototal	0.000877613082977608	0.000703677755132836	0.00154726907009129
cplazo_fijo	0.000875397761615434	0.00923763238542993	0.000954149259889628
catm_trx	0.000864259258958727	0.000954623266757309	0.00123781525607303
ctarjeta_master	0.000860020701449534	0.000162474404288652	0.000361029449687967
mvr_mconsumosdolares	0.000820794005006229	0.00239773025574839	0.00136675434524731
mv_status02	0.000810386688263068	0.00175560772131847	0.000593119810201661
Master_mconsumototal	0.000805943095486032	0.00347093197444085	0.00286244777966888
mprestamos_prendarios	0.000763682191964858	0.0102351725200495	0.000954149259889628
Visa_msaldodolares	0.000752249307413701	0.00240427204948917	0.00113466398473361
ctarjeta_master_transacciones	0.000616436273629011	0.00101455197590173	0.00141832998091701
Master_status	0.00061537054798539	0.00137403486200132	0.000309453814018258
Visa_Finiciomora	0.000529582904573505	0.00362230677787425	0.000722058899375935
mvr_msaldodolares	0.000475782795505898	0.00631970043907074	0.000954149259889628
ctarjeta_master_debitos_automaticos	0.000450251220956219	0.000594306272166185	0.000386817267522822
mttarjeta_master_debitos_automaticos	0.000410333085014097	0.00161366628772986	0.000825210170715354
mv_mconsumosdolares	0.00040517226149815	0.00237219064812653	0.00136675434524731
catm_trx_other	0.000360665689473053	0.00164737817259619	0.00103151271339419
mtarjeta_visa_descuentos	0.000331426377082445	0.00436453821906954	0.00064469544587137
mv_status05	0.000321675963867635	0.000209377119156886	0.000489968538862242
cseguro_vivienda	0.000303643260267975	0.000197866421973659	0.000335241631853113
Master_mpagosdolares	0.000294720667718339	0.000404971588477403	0.00121202743823818
Visa_mpagosdolares	0.000293659572592384	0.00192764061172564	0.00069627108154108
mv_status04	0.000285170103901386	0.00152610674181693	0.000825210170715354
mv_status07	0.0002840611612118	0.000567996107175951	0.000438392903192532
ctarjeta_visa	0.000283972181169843	7.21503845180567e-05	0.000128939089174274
cinversion2	0.000263675572525098	0.0038136889993125	0.000386817267522822
cseguro_accidentes_personales	0.00026350830676647	0.000479747428771206	0.000361029449687967
ccheques_emitidos	0.000256772050425083	0.00560115767903513	0.000541544174531951
mtarjeta_master_descuentos	0.00025411064525816	0.00569405154734871	0.00064469544587137
Master_mpagado	0.000244940186199939	0.000676035002528739	0.000464180721027387
mvr_msaldodolares2	0.000217943668195229	0.00214967830620051	0.00123781525607303
mv_msaldodolares	0.000211202985109826	0.000588413891465247	0.000335241631853113
Master_mconsumosdolares	0.000209485575622868	0.00054619409998522	0.00105730053122905
mv_mpagosdolares	0.000208200294564393	0.000413157767530071	0.000257878178348548
mv_Finiciomora	0.000195431699568798	0.00232296434531758	0.000361029449687967
mvr_mpagosdolares	0.000194035108770149	0.000798944860702095	0.000412605085357677
mforex_sell	0.000135543496653842	0.000441241406051124	0.000309453814018258
mcheques_depositados	0.000129259056633521	0.00118244808538538	0.000206302542678839
ccajas_extracciones	9.50052977226231e-05	0.00119358740569262	0.000206302542678839
Master_msaldodolares	8.84515984425225e-05	0.000162498235959839	0.000154726907009129
mcaja_ahorro_adicional	8.17726481192913e-05	0.000683706814678292	0.000128939089174274
mcheques_emitidos	7.00991268041471e-05	0.00110195264400675	0.000128939089174274
ccajeros_propios_descuentos	6.52096200469093e-05	0.000488684305466259	0.000103151271339419
ccajas_depositos	6.45678171690592e-05	0.000490277055490577	0.000128939089174274
mv_status03	5.66468345874091e-05	5.61831648228963e-06	2.57878178348548e-05
ctarjeta_visa_descuentos	5.19770205954769e-05	0.000187489715144403	7.73634535045644e-05
tcuentas	4.9661857851857e-05	0.000403138535768618	7.73634535045644e-05
minversion2	4.50104575579156e-05	0.000433803938668241	0.000103151271339419
ccheques_depositados	4.42898983084576e-05	0.000370697673365577	7.73634535045644e-05
mcajeros_propios_descuentos	3.7945703217414e-05	5.32061918971444e-05	5.15756356697096e-05
cseguro_vida	3.07718022832591e-05	0.000214052098654698	0.000438392903192532
cforex_sell	2.15860062354136e-05	2.2604340120686e-05	2.57878178348548e-05
Master_delinquency	1.49186473878929e-05	8.97798632784968e-05	0.000128939089174274
Visa_delinquency	8.14844630490522e-06	0.00015720363301117	0.000180514724843984
minversion1_pesos	5.37527579338466e-06	2.01655657692361e-05	5.15756356697096e-05
Visa_cadelantosefectivo	4.65486843130553e-09	1.82371863757037e-05	5.15756356697096e-05
Visa_madelantopesos	5.94908029744867e-10	3.28777763747985e-05	7.73634535045644e-05
Visa_madelantodolares	5.03770940787679e-10	4.55582114187784e-06	2.57878178348548e-05
Master_madelantopesos	5.41359842260434e-13	2.83001095343327e-05	0.000128939089174274
