fecha	objective	metric	first_metric_only	boost_from_average	feature_pre_filter	lambda_l1	lambda_l2	verbosity	max_depth	min_gain_to_split	max_bin	num_iterations	force_row_wise	seed	learning_rate	feature_fraction	min_data_in_leaf	num_leaves	envios	ganancia	iteracion
20221018 222002	binary	custom	TRUE	TRUE	FALSE	0	0	-100	-1	0	31	36	TRUE	671017	0.22676499050745	0.719052673857659	4828	376	10668	25470000	1
20221018 222020	binary	custom	TRUE	TRUE	FALSE	0	0	-100	-1	0	31	52	TRUE	671017	0.182384336770279	0.5891532068979	5389	598	12259	24370000	2
20221018 222052	binary	custom	TRUE	TRUE	FALSE	0	0	-100	-1	0	31	105	TRUE	671017	0.099840129252465	0.723285818127915	3139	255	10206	25590000	3
20221018 222152	binary	custom	TRUE	TRUE	FALSE	0	0	-100	-1	0	31	106	TRUE	671017	0.123532827648276	0.669307016413659	137	531	8982	24840000	4
20221018 222237	binary	custom	TRUE	TRUE	FALSE	0	0	-100	-1	0	31	213	TRUE	671017	0.0698922060873592	0.890453731175512	5764	500	7309	25790000	5
20221018 222258	binary	custom	TRUE	TRUE	FALSE	0	0	-100	-1	0	31	53	TRUE	671017	0.270234798372374	0.334294350966811	1145	796	11118	23610000	6
20221018 222328	binary	custom	TRUE	TRUE	FALSE	0	0	-100	-1	0	31	108	TRUE	671017	0.117964977533498	0.427896328726783	4772	860	5193	23860000	7
20221018 222351	binary	custom	TRUE	TRUE	FALSE	0	0	-100	-1	0	31	92	TRUE	671017	0.293558102366514	0.761193333761767	1702	693	14226	21550000	8
20221018 222410	binary	custom	TRUE	TRUE	FALSE	0	0	-100	-1	0	31	35	TRUE	671017	0.179595653725031	0.945435672607273	1265	136	5830	24260000	9
20221018 222427	binary	custom	TRUE	TRUE	FALSE	0	0	-100	-1	0	31	29	TRUE	671017	0.219776174139464	0.379697397015989	6518	653	7923	25440000	10
20221018 222528	binary	custom	TRUE	TRUE	FALSE	0	0	-100	-1	0	31	248	TRUE	671017	0.0376765375988325	0.461790258930996	3884	281	13178	24290000	11
20221018 222543	binary	custom	TRUE	TRUE	FALSE	0	0	-100	-1	0	31	42	TRUE	671017	0.276901581451995	0.219542958540842	6373	910	13830	22740000	12
20221018 222559	binary	custom	TRUE	TRUE	FALSE	0	0	-100	-1	0	31	36	TRUE	671017	0.242085627961729	0.625515401521698	4304	94	9331	25660000	13
20221018 222712	binary	custom	TRUE	TRUE	FALSE	0	0	-100	-1	0	31	344	TRUE	671017	0.0302535722597968	0.252814573133364	2519	1010	9978	25650000	14
20221018 222741	binary	custom	TRUE	TRUE	FALSE	0	0	-100	-1	0	31	174	TRUE	671017	0.0888028502411325	0.842802674891427	7504	168	11979	24930000	15
20221018 223040	binary	custom	TRUE	TRUE	FALSE	0	0	-100	-1	0	31	1327	TRUE	671017	0.0116583858904778	0.99518835500814	7038	928	6134	25180000	16
20221018 223109	binary	custom	TRUE	TRUE	FALSE	0	0	-100	-1	0	31	45	TRUE	671017	0.15725580684474	0.50254293506965	673	348	14841	20960000	17
20221018 223156	binary	custom	TRUE	TRUE	FALSE	0	0	-100	-1	0	31	121	TRUE	671017	0.0565196822989383	0.54924321631901	2368	33	6765	25910000	18
20221018 223218	binary	custom	TRUE	TRUE	FALSE	0	0	-100	-1	0	31	71	TRUE	671017	0.13949900582165	0.28863959540613	7893	430	12831	23460000	19
20221018 223240	binary	custom	TRUE	TRUE	FALSE	0	0	-100	-1	0	31	61	TRUE	671017	0.198138930836285	0.836335877776146	3439	747	8419	26450000	20
20221018 223622	binary	custom	TRUE	TRUE	FALSE	0	0	-100	-1	0	31	1104	TRUE	671017	0.00682183385379137	0.77667104445747	3585	899	8345	26350000	21
20221018 223709	binary	custom	TRUE	TRUE	FALSE	0	0	-100	-1	0	31	170	TRUE	671017	0.0397799923401856	0.307589675225357	3048	481	8125	26150000	22
20221018 223732	binary	custom	TRUE	TRUE	FALSE	0	0	-100	-1	0	31	90	TRUE	671017	0.156800123933429	0.999184800838245	4260	1022	8823	25640000	23
20221018 223801	binary	custom	TRUE	TRUE	FALSE	0	0	-100	-1	0	31	76	TRUE	671017	0.0861747396740902	0.724958230995831	2814	733	7825	26670000	24
20221018 223815	binary	custom	TRUE	TRUE	FALSE	0	0	-100	-1	0	31	32	TRUE	671017	0.296651321408466	0.68664650281805	2914	798	7688	25590000	25
20221018 223903	binary	custom	TRUE	TRUE	FALSE	0	0	-100	-1	0	31	193	TRUE	671017	0.0372212833800842	0.840181250256639	2754	668	8172	26140000	26
20221018 223927	binary	custom	TRUE	TRUE	FALSE	0	0	-100	-1	0	31	91	TRUE	671017	0.103197632070431	0.644538209252339	3509	744	8206	26310000	27
20221018 224006	binary	custom	TRUE	TRUE	FALSE	0	0	-100	-1	0	31	219	TRUE	671017	0.107648812100308	0.76963276092154	2962	1001	7659	26210000	28
20221018 224601	binary	custom	TRUE	TRUE	FALSE	0	0	-100	-1	0	31	1251	TRUE	671017	0.00500707012461366	0.51610482610623	2925	823	7380	26440000	29
20221018 224655	binary	custom	TRUE	TRUE	FALSE	0	0	-100	-1	0	31	201	TRUE	671017	0.069366016481775	0.577290545393775	3028	780	7680	26400000	30
20221018 224901	binary	custom	TRUE	TRUE	FALSE	0	0	-100	-1	0	31	610	TRUE	671017	0.0117918602824427	0.719076156616059	3250	727	7536	26290000	31
20221018 224933	binary	custom	TRUE	TRUE	FALSE	0	0	-100	-1	0	31	83	TRUE	671017	0.0915844163615794	0.697634483837074	2633	449	7761	26960000	32
20221018 224953	binary	custom	TRUE	TRUE	FALSE	0	0	-100	-1	0	31	53	TRUE	671017	0.0937633958211378	0.804813698208463	2819	295	7779	25570000	33
20221018 225135	binary	custom	TRUE	TRUE	FALSE	0	0	-100	-1	0	31	458	TRUE	671017	0.0402051615056809	0.53518641555201	2331	485	7775	26450000	34
20221018 225159	binary	custom	TRUE	TRUE	FALSE	0	0	-100	-1	0	31	102	TRUE	671017	0.149061040291733	0.681637454534974	2900	474	7322	26080000	35
20221018 225339	binary	custom	TRUE	TRUE	FALSE	0	0	-100	-1	0	31	548	TRUE	671017	0.0234727526651044	0.67589937465993	2547	711	8238	26730000	36
20221018 225406	binary	custom	TRUE	TRUE	FALSE	0	0	-100	-1	0	31	65	TRUE	671017	0.0780131531916047	0.618098581110625	2615	659	7522	26320000	37
20221018 225447	binary	custom	TRUE	TRUE	FALSE	0	0	-100	-1	0	31	237	TRUE	671017	0.0520704289671158	0.695442982567381	5183	439	8071	25940000	38
20221018 230101	binary	custom	TRUE	TRUE	FALSE	0	0	-100	-1	0	31	812	TRUE	671017	0.00547110387435245	0.53182541078385	1426	974	8121	27040000	39
20221018 230645	binary	custom	TRUE	TRUE	FALSE	0	0	-100	-1	0	31	1415	TRUE	671017	0.00519884211505239	0.360813085231785	2745	945	8234	26260000	40
20221018 231039	binary	custom	TRUE	TRUE	FALSE	0	0	-100	-1	0	31	522	TRUE	671017	0.00995436486635148	0.663344624996546	922	900	8002	27120000	41
20221018 231058	binary	custom	TRUE	TRUE	FALSE	0	0	-100	-1	0	31	92	TRUE	671017	0.242799850591018	0.9809505897088	6861	556	8211	25660000	42
20221018 231240	binary	custom	TRUE	TRUE	FALSE	0	0	-100	-1	0	31	435	TRUE	671017	0.0190210953488679	0.658556768117461	1670	1018	7984	26920000	43
20221018 231956	binary	custom	TRUE	TRUE	FALSE	0	0	-100	-1	0	31	958	TRUE	671017	0.00502648281800644	0.584248447512521	533	846	8133	26860000	44
20221018 232755	binary	custom	TRUE	TRUE	FALSE	0	0	-100	-1	0	31	2530	TRUE	671017	0.00547384460581482	0.642476422194401	1670	908	7993	26980000	45
20221018 233012	binary	custom	TRUE	TRUE	FALSE	0	0	-100	-1	0	31	329	TRUE	671017	0.0292904089189982	0.693806714164803	955	933	8257	27330000	46
20221018 233224	binary	custom	TRUE	TRUE	FALSE	0	0	-100	-1	0	31	465	TRUE	671017	0.0178636137343878	0.687241981815477	930	964	8660	26920000	47
20221018 233315	binary	custom	TRUE	TRUE	FALSE	0	0	-100	-1	0	31	184	TRUE	671017	0.0577679736605553	0.694703184666089	1117	911	8177	27010000	48
20221018 233645	binary	custom	TRUE	TRUE	FALSE	0	0	-100	-1	0	31	263	TRUE	671017	0.0265529747126182	0.714472942743524	32	948	8143	26440000	49
20221018 233811	binary	custom	TRUE	TRUE	FALSE	0	0	-100	-1	0	31	240	TRUE	671017	0.0288050523941924	0.541118243984708	1173	899	8119	26890000	50
20221018 233835	binary	custom	TRUE	TRUE	FALSE	0	0	-100	-1	0	31	61	TRUE	671017	0.205026619157462	0.696842244229815	2472	461	8341	25480000	51
20221018 233850	binary	custom	TRUE	TRUE	FALSE	0	0	-100	-1	0	31	56	TRUE	671017	0.265506099713065	0.830868452429981	5549	792	9394	25460000	52
20221018 234349	binary	custom	TRUE	TRUE	FALSE	0	0	-100	-1	0	31	1615	TRUE	671017	0.00634475301026745	0.234926520193019	3503	390	6946	26350000	53
20221018 234520	binary	custom	TRUE	TRUE	FALSE	0	0	-100	-1	0	31	175	TRUE	671017	0.0157073574270008	0.613602081191327	1013	1017	8331	26540000	54
20221018 235507	binary	custom	TRUE	TRUE	FALSE	0	0	-100	-1	0	31	802	TRUE	671017	0.00549397970722441	0.473662769998844	421	853	7968	27350000	55
20221019 000431	binary	custom	TRUE	TRUE	FALSE	0	0	-100	-1	0	31	822	TRUE	671017	0.00514500114734982	0.418728599392458	201	934	7745	26910000	56
20221019 001218	binary	custom	TRUE	TRUE	FALSE	0	0	-100	-1	0	31	1123	TRUE	671017	0.00502544266776991	0.374444567624616	391	325	7124	27280000	57
20221019 001823	binary	custom	TRUE	TRUE	FALSE	0	0	-100	-1	0	31	513	TRUE	671017	0.00555367309471976	0.324061299584428	110	465	7296	26770000	58
20221019 002506	binary	custom	TRUE	TRUE	FALSE	0	0	-100	-1	0	31	801	TRUE	671017	0.00547542516150202	0.409273550648759	366	651	6957	27130000	59
20221019 002934	binary	custom	TRUE	TRUE	FALSE	0	0	-100	-1	0	31	509	TRUE	671017	0.00603465973264496	0.428885673889255	285	160	7104	27080000	60
20221019 003448	binary	custom	TRUE	TRUE	FALSE	0	0	-100	-1	0	31	1577	TRUE	671017	0.00662760185776023	0.381241402475132	5366	288	6988	25390000	61
20221019 004135	binary	custom	TRUE	TRUE	FALSE	0	0	-100	-1	0	31	648	TRUE	671017	0.00533970945155717	0.446646549877536	11	388	7023	26200000	62
20221019 005014	binary	custom	TRUE	TRUE	FALSE	0	0	-100	-1	0	31	1838	TRUE	671017	0.00500355526495538	0.410132720742398	791	140	7735	27330000	63
20221019 005651	binary	custom	TRUE	TRUE	FALSE	0	0	-100	-1	0	31	1219	TRUE	671017	0.00511439942013577	0.376537171492241	770	627	7393	27300000	64
20221019 010040	binary	custom	TRUE	TRUE	FALSE	0	0	-100	-1	0	31	852	TRUE	671017	0.00600033286428991	0.331782622536555	616	27	6880	26400000	65
20221019 010705	binary	custom	TRUE	TRUE	FALSE	0	0	-100	-1	0	31	910	TRUE	671017	0.00537935266084147	0.420069222526289	529	523	7866	27310000	66
20221019 011425	binary	custom	TRUE	TRUE	FALSE	0	0	-100	-1	0	31	2235	TRUE	671017	0.0059552762701695	0.709945122040156	1506	495	7973	26940000	67
20221019 011954	binary	custom	TRUE	TRUE	FALSE	0	0	-100	-1	0	31	820	TRUE	671017	0.00611715449339697	0.476226792184913	711	862	7677	26970000	68
20221019 012744	binary	custom	TRUE	TRUE	FALSE	0	0	-100	-1	0	31	727	TRUE	671017	0.00775555450115097	0.38208711397648	426	717	8152	27380000	69
20221019 013338	binary	custom	TRUE	TRUE	FALSE	0	0	-100	-1	0	31	899	TRUE	671017	0.00516494727604887	0.47551511003467	406	125	8177	27010000	70
20221019 013932	binary	custom	TRUE	TRUE	FALSE	0	0	-100	-1	0	31	1266	TRUE	671017	0.00548652000072662	0.396474107242841	1449	246	7484	27120000	71
20221019 014755	binary	custom	TRUE	TRUE	FALSE	0	0	-100	-1	0	31	950	TRUE	671017	0.00689734091338781	0.394866637332679	459	228	7500	27400000	72
20221019 015443	binary	custom	TRUE	TRUE	FALSE	0	0	-100	-1	0	31	866	TRUE	671017	0.00525661875463502	0.39757898153578	424	693	7982	27160000	73
20221019 015540	binary	custom	TRUE	TRUE	FALSE	0	0	-100	-1	0	31	153	TRUE	671017	0.041648550574913	0.403584796462045	0	134	7315	24090000	74
20221019 015819	binary	custom	TRUE	TRUE	FALSE	0	0	-100	-1	0	31	411	TRUE	671017	0.0149129267250312	0.330841352480244	479	841	8615	26930000	75
20221019 020107	binary	custom	TRUE	TRUE	FALSE	0	0	-100	-1	0	31	371	TRUE	671017	0.0105779233958082	0.442213596828259	849	319	7494	27100000	76
20221019 020158	binary	custom	TRUE	TRUE	FALSE	0	0	-100	-1	0	31	135	TRUE	671017	0.032668527830165	0.726589676115994	1272	834	5432	25540000	77
20221019 020534	binary	custom	TRUE	TRUE	FALSE	0	0	-100	-1	0	31	518	TRUE	671017	0.00794942592041983	0.375846285424032	701	256	8238	27050000	78
20221019 021038	binary	custom	TRUE	TRUE	FALSE	0	0	-100	-1	0	31	825	TRUE	671017	0.00508389203410429	0.663949431125237	890	202	6378	26450000	79
20221019 021149	binary	custom	TRUE	TRUE	FALSE	0	0	-100	-1	0	31	137	TRUE	671017	0.0280652764923359	0.721382525134553	769	737	7754	27300000	80
20221019 021305	binary	custom	TRUE	TRUE	FALSE	0	0	-100	-1	0	31	261	TRUE	671017	0.0267096423669183	0.703686758569523	1124	831	7798	26970000	81
20221019 021943	binary	custom	TRUE	TRUE	FALSE	0	0	-100	-1	0	31	779	TRUE	671017	0.005239192184676	0.482785334238713	465	476	7263	27080000	82
20221019 022121	binary	custom	TRUE	TRUE	FALSE	0	0	-100	-1	0	31	371	TRUE	671017	0.0357919383826747	0.681517235432949	838	508	8092	27260000	83
20221019 022436	binary	custom	TRUE	TRUE	FALSE	0	0	-100	-1	0	31	476	TRUE	671017	0.00838655497317324	0.534523825751301	1617	189	7976	26770000	84
20221019 022519	binary	custom	TRUE	TRUE	FALSE	0	0	-100	-1	0	31	81	TRUE	671017	0.0506155263865887	0.688373663810175	683	921	8077	26970000	85
20221019 022623	binary	custom	TRUE	TRUE	FALSE	0	0	-100	-1	0	31	331	TRUE	671017	0.055275031439036	0.703581118860678	1994	546	8237	26730000	86
20221019 022743	binary	custom	TRUE	TRUE	FALSE	0	0	-100	-1	0	31	379	TRUE	671017	0.0402792295844733	0.650853480663798	1469	550	8256	27330000	87
20221019 022836	binary	custom	TRUE	TRUE	FALSE	0	0	-100	-1	0	31	116	TRUE	671017	0.0376516474761554	0.48063928900572	1515	613	8270	26420000	88
20221019 022945	binary	custom	TRUE	TRUE	FALSE	0	0	-100	-1	0	31	202	TRUE	671017	0.0340177959327264	0.762442843998779	888	593	8252	27100000	89
20221019 023140	binary	custom	TRUE	TRUE	FALSE	0	0	-100	-1	0	31	589	TRUE	671017	0.0318815678155578	0.670342660402309	1379	610	8218	27170000	90
20221019 023240	binary	custom	TRUE	TRUE	FALSE	0	0	-100	-1	0	31	241	TRUE	671017	0.0483566997028425	0.663819800715521	1570	252	7973	27180000	91
20221019 023319	binary	custom	TRUE	TRUE	FALSE	0	0	-100	-1	0	31	127	TRUE	671017	0.0688181729465968	0.655477988582815	1548	800	8133	27100000	92
20221019 023810	binary	custom	TRUE	TRUE	FALSE	0	0	-100	-1	0	31	773	TRUE	671017	0.00532457651968143	0.407979652374239	1129	176	6904	26840000	93
20221019 024117	binary	custom	TRUE	TRUE	FALSE	0	0	-100	-1	0	31	728	TRUE	671017	0.00611268866172673	0.71522447854795	822	46	8096	27170000	94
20221019 024634	binary	custom	TRUE	TRUE	FALSE	0	0	-100	-1	0	31	664	TRUE	671017	0.0061352591998037	0.711484438721019	485	246	7888	27030000	95
20221019 024801	binary	custom	TRUE	TRUE	FALSE	0	0	-100	-1	0	31	405	TRUE	671017	0.0367173343285177	0.658653091919282	1621	288	8976	27170000	96
20221019 024951	binary	custom	TRUE	TRUE	FALSE	0	0	-100	-1	0	31	235	TRUE	671017	0.0289229271953041	0.707960734579829	840	891	8121	27600000	97
20221019 025026	binary	custom	TRUE	TRUE	FALSE	0	0	-100	-1	0	31	172	TRUE	671017	0.106366354318193	0.697914770690992	2494	847	8909	26350000	98
20221019 025044	binary	custom	TRUE	TRUE	FALSE	0	0	-100	-1	0	31	68	TRUE	671017	0.17149372468878	0.74986279670425	3896	866	8270	25780000	99
20221019 030005	binary	custom	TRUE	TRUE	FALSE	0	0	-100	-1	0	31	2537	TRUE	671017	0.00507472885880991	0.368083515752624	1298	793	7765	27110000	100
20221019 030554	binary	custom	TRUE	TRUE	FALSE	0	0	-100	-1	0	31	1347	TRUE	671017	0.00515495476124241	0.363612850015383	2006	427	7407	26470000	101
20221019 030648	binary	custom	TRUE	TRUE	FALSE	0	0	-100	-1	0	31	286	TRUE	671017	0.0475589678180364	0.673893400538107	2694	56	8540	26920000	102
20221019 031047	binary	custom	TRUE	TRUE	FALSE	0	0	-100	-1	0	31	1009	TRUE	671017	0.00867741260240448	0.573634150985198	2947	302	8907	26270000	103
20221019 031331	binary	custom	TRUE	TRUE	FALSE	0	0	-100	-1	0	31	774	TRUE	671017	0.00939556455858433	0.653406619259176	2169	34	8396	26570000	104
20221019 031625	binary	custom	TRUE	TRUE	FALSE	0	0	-100	-1	0	31	661	TRUE	671017	0.0102365405289359	0.434044332520103	3454	337	7585	26270000	105
20221019 032323	binary	custom	TRUE	TRUE	FALSE	0	0	-100	-1	0	31	1390	TRUE	671017	0.005073332072244	0.72813733444457	796	837	8170	27260000	106
20221019 032634	binary	custom	TRUE	TRUE	FALSE	0	0	-100	-1	0	31	200	TRUE	671017	0.0109418103292535	0.483504507023218	310	954	8756	27050000	107
20221019 032736	binary	custom	TRUE	TRUE	FALSE	0	0	-100	-1	0	31	287	TRUE	671017	0.046243503355235	0.718903572725773	1559	809	8644	26640000	108
20221019 033622	binary	custom	TRUE	TRUE	FALSE	0	0	-100	-1	0	31	991	TRUE	671017	0.00543087419426866	0.465554635175152	283	985	5881	26560000	109
20221019 033724	binary	custom	TRUE	TRUE	FALSE	0	0	-100	-1	0	31	256	TRUE	671017	0.0729941531652328	0.63911168207624	1430	80	8724	26880000	110
20221019 033742	binary	custom	TRUE	TRUE	FALSE	0	0	-100	-1	0	31	67	TRUE	671017	0.238086261445348	0.8928821448218	4056	961	7862	26040000	111
20221019 034436	binary	custom	TRUE	TRUE	FALSE	0	0	-100	-1	0	31	1619	TRUE	671017	0.00517984076819499	0.413389552135661	1548	938	7257	26850000	112
20221019 034521	binary	custom	TRUE	TRUE	FALSE	0	0	-100	-1	0	31	219	TRUE	671017	0.0380697620818715	0.87443310407851	4397	989	8232	26020000	113
20221019 034605	binary	custom	TRUE	TRUE	FALSE	0	0	-100	-1	0	31	172	TRUE	671017	0.0353577839696525	0.6816303733554	4031	548	8063	25960000	114
20221019 035053	binary	custom	TRUE	TRUE	FALSE	0	0	-100	-1	0	31	1344	TRUE	671017	0.00626655045037293	0.418400464622396	2649	17	7688	26470000	115
20221019 035853	binary	custom	TRUE	TRUE	FALSE	0	0	-100	-1	0	31	2450	TRUE	671017	0.00504333905686147	0.358522588596159	3042	421	5943	26040000	116
20221019 035926	binary	custom	TRUE	TRUE	FALSE	0	0	-100	-1	0	31	137	TRUE	671017	0.071881811448816	0.896556126971266	3595	823	8314	26180000	117
20221019 040614	binary	custom	TRUE	TRUE	FALSE	0	0	-100	-1	0	31	2001	TRUE	671017	0.00564270002011259	0.260978711748832	1596	395	7488	27030000	118
20221019 041329	binary	custom	TRUE	TRUE	FALSE	0	0	-100	-1	0	31	976	TRUE	671017	0.00518450360968925	0.243225658573536	299	927	7314	26740000	119
20221019 041758	binary	custom	TRUE	TRUE	FALSE	0	0	-100	-1	0	31	1022	TRUE	671017	0.00545535492737734	0.20511006179724	1389	910	7356	26890000	120
