Feature	Gain	Cover	Frequency
ctrx_quarter	0.106946209520969	0.0381625248948922	0.031178573521655
mcaja_ahorro	0.0552715879681168	0.0171055478919129	0.019281486256813
mtarjeta_visa_consumo	0.0441014139698363	0.0150112266690464	0.0182265721151029
cpayroll_trx	0.0336502040889777	0.0154430905541513	0.00322334876633652
mpasivos_margen	0.025983179443069	0.0123854010653598	0.0164683818789193
mpayroll	0.0251756537331406	0.0250698956466328	0.0103147160522769
mprestamos_personales	0.0191687622028195	0.0203815311348774	0.00509875168493231
mcuentas_saldo	0.0157572189888917	0.0155327032062937	0.013831096524644
cdescubierto_preacordado	0.010953434435583	0.00560485135460111	0.00128933950653461
mrentabilidad_annual	0.0107402707184646	0.00353826260263039	0.00339916778995487
mactivos_margen	0.00947765026467758	0.0074246074966553	0.00574342143819961
Visa_status	0.00881895481275495	0.0109825781449636	0.00216843462462638
mautoservicio	0.00831990616350057	0.00846528477391298	0.0104905350758952
ctarjeta_visa_transacciones	0.00676372353746426	0.0148375206210525	0.0198675496688742
Visa_msaldototal	0.00636481075356473	0.00505830162448916	0.00832210045126883
mcomisiones_mantenimiento	0.00601500337132766	0.00175440671399608	0.00117212682412237
Visa_fechaalta	0.00579823885249542	0.00358292198746269	0.00597784680302409
cprestamos_personales	0.00539364336839542	0.00296591930918981	0.0025200726718631
mcuenta_debitos_automaticos	0.00469347802968824	0.00739279651039645	0.00556760241458126
mtransferencias_recibidas	0.0042402805228321	0.00461019894051783	0.00386801851960382
Visa_mconsumototal	0.00389478131974771	0.00113214999044882	0.00181679657738967
Visa_mpagospesos	0.0038178276609292	0.00606082077075339	0.00937701459297896
cproductos	0.00354776388402231	0.011222214218106	0.00562620875578738
Master_status	0.00331631182276695	0.00474435987558019	0.00117212682412237
mtarjeta_master_consumo	0.00330283522073171	0.0040212692067431	0.0015823712125652
ccomisiones_mantenimiento	0.00328395432033528	0.0128387147874137	0.00421965656684053
Master_fechaalta	0.00289140345530269	0.00761816853156603	0.00703276094473422
ccallcenter_transacciones	0.00287011874377347	0.00403725713032362	0.00140655218894684
mcomisiones_otras	0.00283778782173363	0.00459560158280802	0.00562620875578738
Visa_Fvencimiento	0.00273838288326524	0.00179612727405007	0.00281310437789369
canarito192	0.00269066666087616	0.00476315043449808	0.00240285998945086
cliente_edad	0.00253897134564638	0.010372155567048	0.00550899607337514
tcallcenter	0.00249996323780078	0.0020314984673312	0.000820488776885659
mcuenta_corriente	0.0024725317134514	0.00326184462863469	0.0031647424251304
mcomisiones	0.00247067034135305	0.00266292289061372	0.0053917833909629
mrentabilidad	0.00245855425766907	0.00135238982005433	0.00246146633065698
Visa_msaldopesos	0.00244535646122036	0.00596385388879989	0.0106077477583074
Master_msaldototal	0.0023973281772661	0.00302692859480093	0.00257867901306921
Visa_mpagominimo	0.00238629751827264	0.00500303021506105	0.00445408193166501
Master_Fvencimiento	0.00232368462569609	0.00214665022358364	0.00210982828342027
canarito157	0.002211210073715	0.00593974118988715	0.00351638047236711
canarito42	0.00214724879815909	0.00254107993209164	0.00310613608392428
canarito118	0.00214294695603015	0.00282652941638165	0.00246146633065698
chomebanking_transacciones	0.00210560473433517	0.00388394724307772	0.00228564730703862
canarito429	0.00203739307938327	0.00220182486683002	0.00210982828342027
canarito418	0.00202818039955705	0.0015334070906674	0.00187540291859579
canarito72	0.00198980846501039	0.00528359838307294	0.0022270409658325
canarito156	0.00197702293274258	0.00304641443665417	0.00257867901306921
canarito478	0.00195601275297951	0.00351484877058566	0.0022270409658325
canarito59	0.00192961777576393	0.00176168926515403	0.0022270409658325
cliente_antiguedad	0.00191652729600454	0.00735355244780809	0.00644669753267304
canarito315	0.0019151014784636	0.00334505996098531	0.00240285998945086
canarito336	0.00188409879580852	0.00162297315168529	0.00193400925980191
canarito10	0.00187971373738814	0.00214315230531092	0.0022270409658325
ccaja_ahorro	0.00186259242296467	0.00909605692145202	0.00199261560100803
canarito203	0.001838171612105	0.00106549601090376	0.00210982828342027
canarito433	0.00181218187124985	0.00106335281917519	0.00193400925980191
canarito448	0.00177653351122258	0.00222938172502563	0.00187540291859579
canarito112	0.00175462290140231	0.00198024106247834	0.00169958389497744
canarito334	0.00174595140285703	0.00214335300553969	0.00228564730703862
canarito434	0.00174172225437846	0.00585279498364114	0.00269589169548145
canarito128	0.00172475360820921	0.00257997993714499	0.00210982828342027
canarito187	0.00172410038328732	0.00248499138601786	0.00205122194221415
canarito290	0.00170545255405164	0.00353308023600913	0.00175819023618355
canarito147	0.0016985584238993	0.00216467382091304	0.00187540291859579
canarito60	0.00168813631705058	0.00257115987887741	0.00210982828342027
canarito460	0.00168506745237286	0.00192924170077675	0.00169958389497744
canarito94	0.00167931275408659	0.00196487674318005	0.00193400925980191
canarito360	0.00166203912357879	0.00169728599531723	0.00210982828342027
canarito145	0.00165509134763254	0.00175533853648676	0.00169958389497744
ccomisiones_otras	0.00163281633629003	0.00531039903147804	0.00638809119146692
canarito269	0.00162330032616508	0.00447498791318712	0.00205122194221415
canarito133	0.00161138850197177	0.00198052777709086	0.00181679657738967
canarito317	0.0015974527531083	0.00130714625419903	0.00169958389497744
canarito486	0.00159717029056343	0.00160482411671292	0.00199261560100803
canarito4	0.00158944564284116	0.00112537277379543	0.00175819023618355
canarito283	0.00157936868405499	0.00196869721539184	0.00199261560100803
ccajas_transacciones	0.00157924831240372	0.00166528147669494	0.000820488776885659
canarito35	0.00157797070497791	0.0027476398907474	0.00210982828342027
Master_mfinanciacion_limite	0.00157628522990187	0.00170399511725015	0.00310613608392428
Visa_mlimitecompra	0.00157172592878739	0.00235084478668612	0.00187540291859579
canarito46	0.00157039234889428	0.00259692477074479	0.00187540291859579
canarito253	0.0015658123469691	0.0025692675624348	0.00164097755377132
canarito164	0.0015466558058244	0.00112364173432236	0.00187540291859579
canarito379	0.00153712992805713	0.000935270233898197	0.00193400925980191
canarito110	0.00153395611801638	0.00379231683684971	0.00339916778995487
canarito444	0.00153213478896317	0.000727692438368006	0.00175819023618355
canarito134	0.00153204748683096	0.00176219818359125	0.00193400925980191
canarito256	0.0015244366953688	0.00163067860689671	0.00187540291859579
canarito76	0.00152228485019797	0.00134960510438025	0.00175819023618355
canarito11	0.00149662639599043	0.000892374143932886	0.0015823712125652
canarito151	0.00149385216225692	0.00237386438613864	0.00164097755377132
canarito408	0.00148974451905863	0.0010741870475957	0.00181679657738967
canarito457	0.00148835250317584	0.00128735936200264	0.00169958389497744
canarito199	0.00148709661937139	0.00092375864220561	0.0015823712125652
canarito16	0.00147817600883722	0.00138110787243063	0.00193400925980191
canarito325	0.00147094524067916	0.00152432182138325	0.00193400925980191
canarito372	0.00146050265192443	0.00113240803360009	0.00152376487135908
canarito432	0.00144134609581438	0.00185020164997092	0.00164097755377132
canarito386	0.00144078959344586	0.00103696790695824	0.00164097755377132
canarito189	0.0014397319245471	0.000884643601192876	0.00140655218894684
canarito193	0.00143178393250402	0.00112769157822417	0.00187540291859579
canarito477	0.00141419561055035	0.00110111671757643	0.00164097755377132
canarito81	0.00141367967386104	0.00411695662473824	0.0022270409658325
canarito5	0.00139800219487787	0.00148252599874347	0.00175819023618355
canarito410	0.00138433357504365	0.00125124407262338	0.00146515853015296
thomebanking	0.00138286032871572	0.0020018736799928	0.000937701459297896
canarito364	0.00138032639578871	0.000820924862493464	0.00140655218894684
canarito497	0.00137965759815276	0.00210559627500375	0.00205122194221415
canarito314	0.00137691896684808	0.00154421623155932	0.00187540291859579
canarito115	0.00137540158212003	0.00119803342447274	0.00187540291859579
canarito40	0.00136527835761134	0.000998075069770209	0.00146515853015296
canarito482	0.00136504012089403	0.00126307463432239	0.00169958389497744
canarito168	0.0013643920076994	0.00169833608758558	0.00169958389497744
canarito383	0.00135789195193839	0.002102463917862	0.00146515853015296
canarito202	0.00135438503811956	0.00339883687049567	0.00175819023618355
canarito331	0.00135226033274872	0.00188104497441251	0.00140655218894684
canarito231	0.00133991710960234	0.00143560515240494	0.00134794584774073
canarito284	0.00133735340092888	0.0015212217196354	0.00181679657738967
mextraccion_autoservicio	0.00133638282838073	0.00205608782928725	0.00322334876633652
canarito92	0.00132982902600418	0.00116860216949779	0.00134794584774073
canarito490	0.00132520221469763	0.00105506676687342	0.00164097755377132
canarito294	0.00131674750712238	0.000624951840904929	0.00146515853015296
canarito330	0.00131586605991658	0.00125873807580806	0.00152376487135908
canarito225	0.00131561149635508	0.00168269938940539	0.00181679657738967
canarito332	0.00131212716299612	0.00354470292961407	0.0015823712125652
ccaja_seguridad	0.00130348430264885	0.00410636610373836	0.000879095118091778
canarito141	0.00130264034004328	0.000943724731034814	0.00152376487135908
canarito210	0.00129893347469601	0.00127100587729116	0.00146515853015296
canarito276	0.00129884055506567	0.00102181145575402	0.0015823712125652
canarito179	0.00129652425706055	0.000766653370276511	0.00146515853015296
canarito484	0.00129462296024096	0.00228887859105572	0.00169958389497744
canarito279	0.00129334946909558	0.00105199175265417	0.00164097755377132
canarito27	0.00128915864662061	0.000921981011607999	0.00181679657738967
canarito425	0.00128245184508657	0.00114771500997588	0.00146515853015296
canarito370	0.00128123205966131	0.00185793577664358	0.00181679657738967
ccajas_consultas	0.00127718913379768	0.00728780520322511	0.00105491414171013
canarito77	0.00127313805558016	0.00140605204371968	0.00193400925980191
canarito417	0.00127059647040794	0.00164536197899027	0.00164097755377132
canarito498	0.00126738551606715	0.00159995713616543	0.0015823712125652
canarito95	0.00125806582832152	0.00140383000547267	0.0015823712125652
canarito346	0.00125660070138822	0.00123912679631185	0.00140655218894684
canarito378	0.0012560667715107	0.00117833254666012	0.00111352048291625
canarito127	0.00125316140428984	0.000702633581233955	0.00128933950653461
canarito455	0.00125104968023731	0.00196117095681325	0.00152376487135908
canarito311	0.00125102423654756	0.00111529475516543	0.00128933950653461
canarito373	0.00125045787566607	0.0012686978246604	0.0015823712125652
canarito242	0.00124719480856203	0.000553929047451627	0.00146515853015296
canarito449	0.00124629470696172	0.0032088526003761	0.00134794584774073
canarito120	0.0012456654249872	0.000525956453067864	0.00123073316532849
canarito29	0.00124494716278775	0.000910046515861948	0.0015823712125652
canarito327	0.00124467129198182	0.00196799476459118	0.00152376487135908
canarito63	0.00124340825816065	0.000848890289011913	0.00146515853015296
canarito261	0.00124109985788407	0.00140760030262727	0.00140655218894684
canarito304	0.00124106393485113	0.00115604406946952	0.0015823712125652
canarito149	0.00123810655728624	0.00130685595565385	0.00164097755377132
canarito206	0.00123802974792818	0.000995598572304587	0.00140655218894684
canarito34	0.00123795092198442	0.00189368550489189	0.0015823712125652
canarito437	0.00122646598584387	0.00106879681288037	0.00146515853015296
canarito230	0.00122212914217985	0.000988574064297902	0.00193400925980191
canarito7	0.00121923010173167	0.000963827009304964	0.00152376487135908
canarito62	0.00121827313181015	0.00100069492454209	0.00146515853015296
canarito313	0.00121736789037271	0.00110965006123149	0.00152376487135908
canarito326	0.00120865953797584	0.000841188417733155	0.00175819023618355
canarito12	0.00120819441156795	0.00105919904122634	0.00152376487135908
canarito389	0.00120256530781551	0.000533672660077248	0.00134794584774073
canarito461	0.00120042015598127	0.000486328909685255	0.00105491414171013
Master_msaldopesos	0.00119413136988351	0.00209039681660766	0.00228564730703862
canarito287	0.00119372976843085	0.00270786899005853	0.00146515853015296
canarito285	0.0011892850474246	0.00166357552475046	0.00169958389497744
canarito443	0.00118559692968947	0.000546771933936653	0.00105491414171013
canarito50	0.00118528580558724	0.00118652900064547	0.00152376487135908
canarito260	0.00118524543080219	0.00100891288212338	0.00164097755377132
canarito130	0.00118370491912431	0.00160277052330076	0.00205122194221415
canarito38	0.00117642717212928	0.00115634153588	0.00146515853015296
canarito369	0.00117289726011176	0.00189645230090269	0.0015823712125652
canarito415	0.00117162332033929	0.000534041805140865	0.0015823712125652
canarito252	0.00116689297412673	0.0015857074199233	0.00140655218894684
canarito181	0.00116596135376582	0.00168380682459624	0.00123073316532849
canarito1	0.00116563898150522	0.00143163057108892	0.00193400925980191
canarito190	0.00116377925229683	0.000734630931990936	0.00152376487135908
canarito125	0.00115833599991068	0.00196600926589949	0.00146515853015296
canarito204	0.00115452841716177	0.00123455011430953	0.00164097755377132
canarito154	0.00115079696412825	0.00128242787066734	0.00146515853015296
active_quarter	0.00114479861380706	3.66672150083631e-05	5.86063412061185e-05
canarito217	0.00114293798068663	0.00104899558495336	0.00128933950653461
canarito117	0.00113848345750149	0.000934614374222063	0.00169958389497744
canarito356	0.00113782534928078	0.000890234536136972	0.00146515853015296
canarito431	0.00113693553735653	0.00284466053169075	0.00164097755377132
canarito258	0.0011364941674734	0.00229692093593685	0.00175819023618355
canarito80	0.00113544413270966	0.000697712841696619	0.0015823712125652
canarito88	0.00113282284765611	0.00289878866660144	0.00140655218894684
canarito318	0.00113135541747916	0.00133720469738885	0.00181679657738967
canarito56	0.00112913552224706	0.000528436534466143	0.00134794584774073
canarito33	0.00112848883669785	0.0016176366759598	0.00111352048291625
canarito241	0.00112307044857046	0.00121133698249356	0.00146515853015296
canarito341	0.00112305991285089	0.00167934482843894	0.00123073316532849
canarito9	0.00112145554671162	0.000888729284421254	0.00105491414171013
canarito480	0.00112102909671727	0.00143516074475554	0.00146515853015296
canarito148	0.00111967861443941	0.000873931226482682	0.00134794584774073
canarito66	0.00111914819060804	0.000546406372805692	0.00134794584774073
canarito185	0.00111664612366674	0.00211837657885673	0.00146515853015296
canarito392	0.00111165496012947	0.000750830307598188	0.00123073316532849
canarito289	0.00111028034986734	0.00116643030630797	0.00128933950653461
canarito235	0.00111027944736967	0.000917300395558647	0.00134794584774073
canarito226	0.00110980277854297	0.000744071010608082	0.00117212682412237
canarito184	0.0011075717376914	0.00150818695656381	0.00117212682412237
canarito275	0.00110659548374901	0.0010449744125128	0.00140655218894684
canarito344	0.00110228354033932	0.00110033542025732	0.00152376487135908
canarito111	0.00110046564636455	0.00115580394598153	0.00123073316532849
canarito271	0.00109582867769244	0.000764144617416981	0.00146515853015296
canarito347	0.00109426544294875	0.00279948147662326	0.00164097755377132
canarito245	0.00108931355913776	0.000704472138686725	0.00117212682412237
canarito442	0.001088286024928	0.00056275268965186	0.00140655218894684
canarito227	0.0010867564054988	0.00111351354063517	0.00123073316532849
canarito438	0.00108673033073925	0.00196834598999151	0.0015823712125652
canarito421	0.00108532846049717	0.00142207222269411	0.00123073316532849
canarito69	0.00108486461392656	0.000490586621681144	0.000937701459297896
canarito97	0.00108472395113347	0.00128165015728088	0.00164097755377132
canarito54	0.00107910374013947	0.00138516488419776	0.000996307800504015
canarito309	0.00107829821216202	0.00104183488750573	0.00146515853015296
canarito22	0.0010780218665587	0.000644448434556135	0.00152376487135908
canarito393	0.00107777580770872	0.00098989653544814	0.00128933950653461
canarito439	0.00107773074446192	0.00137409770015458	0.00128933950653461
canarito339	0.0010775428898493	0.00130747597600342	0.00140655218894684
canarito75	0.00107727260464855	0.000730584672021779	0.00123073316532849
canarito441	0.00106813252113639	0.000994129159915434	0.00123073316532849
canarito297	0.00106648053297536	0.00152338641495991	0.00128933950653461
canarito31	0.00106351796055208	0.000711869375689683	0.00134794584774073
canarito255	0.00106329965906289	0.000759274052936836	0.00117212682412237
canarito416	0.00106311554499543	0.000924987931106779	0.00146515853015296
canarito270	0.00106184540055393	0.000775466260678775	0.00111352048291625
canarito191	0.0010615847140297	0.000526185824757879	0.00105491414171013
canarito328	0.00106048300063908	0.00141532009356931	0.00128933950653461
canarito488	0.00106022999367296	0.00104334730708676	0.00117212682412237
canarito387	0.00105833642031286	0.00150764936666534	0.00123073316532849
canarito44	0.00105799251050774	0.000731566669569652	0.00111352048291625
canarito39	0.00105079181265087	0.000609275719465521	0.00128933950653461
canarito474	0.00104547279015449	0.000886686442807065	0.00128933950653461
canarito216	0.00104535121596607	0.00104855834516927	0.00140655218894684
canarito143	0.00104232732750345	0.000875371967410584	0.00111352048291625
canarito195	0.00104175581946533	0.000502904598221438	0.00134794584774073
canarito340	0.00103923042021412	0.000701232263565275	0.00123073316532849
canarito61	0.00103789027170528	0.00173742245713706	0.0015823712125652
canarito208	0.00103722609050565	0.000676528215764215	0.00134794584774073
ctarjeta_visa	0.00103691246959559	0.00191090630130624	0.00111352048291625
canarito100	0.0010364078074442	0.00120945900178157	0.00123073316532849
canarito176	0.00103516302277777	0.000852603243244018	0.00123073316532849
canarito218	0.00103398179459235	0.00120300075513461	0.00123073316532849
canarito343	0.00103380267960592	0.000597921820809818	0.00128933950653461
canarito348	0.00103201674256166	0.000793389507893791	0.00140655218894684
Visa_mfinanciacion_limite	0.00103162470525721	0.00155532283886173	0.00181679657738967
canarito221	0.00102910327578061	0.000822530464323563	0.00128933950653461
internet	0.00102799756510052	0.00156887010430319	0.000703276094473422
canarito161	0.00102783650638196	0.00046062494467304	0.00105491414171013
canarito291	0.00102775942796074	0.00101514175708033	0.00134794584774073
canarito162	0.00102686574562958	0.0019155116547698	0.00134794584774073
canarito197	0.00102122607140659	0.0019800224425863	0.00123073316532849
canarito321	0.00101918319585603	0.00120760610859818	0.00123073316532849
canarito17	0.00101853198364049	0.000440791461352125	0.00105491414171013
canarito308	0.00101808705334615	0.000777247475209042	0.00111352048291625
catm_trx	0.0010163290607102	0.000292029584647293	0.000703276094473422
canarito101	0.0010140613527534	0.000602537926071354	0.00140655218894684
canarito246	0.00100968604466145	0.000946158221308558	0.00123073316532849
canarito52	0.00100918634327785	0.000958834591114499	0.00140655218894684
canarito397	0.00100684060727511	0.000383287261879034	0.00117212682412237
canarito84	0.00100428254311902	0.000749722872407338	0.00128933950653461
canarito119	0.00100370880711046	0.000370757833312009	0.000996307800504015
canarito113	0.0010035426204614	0.000535138488533745	0.00105491414171013
canarito150	0.00100261678225544	0.000861391046117687	0.00105491414171013
canarito24	0.0010012248016377	0.000428842629875448	0.000996307800504015
canarito140	0.000996979970979596	0.000697304273373782	0.00140655218894684
canarito109	0.000992486120260662	0.0010142959489734	0.00128933950653461
canarito14	0.000991983304447867	0.00133788206066093	0.00146515853015296
canarito155	0.000990891390425895	0.000813287502002522	0.00111352048291625
canarito468	0.000990592128038015	0.000520931779483491	0.00117212682412237
canarito160	0.000989634162025347	0.0007134570578565	0.00128933950653461
canarito139	0.000989220392443794	0.00110478666461666	0.00128933950653461
canarito335	0.000988304761776418	0.000731315794283699	0.00123073316532849
canarito469	0.000985672398353193	0.00116354165658686	0.00117212682412237
canarito286	0.000984195625930468	0.00149424904246279	0.00105491414171013
canarito390	0.00098007822633961	0.00106804777095516	0.00134794584774073
canarito292	0.000980055054009082	0.00127180867820621	0.00134794584774073
canarito382	0.000978489076095422	0.000959884683382845	0.00140655218894684
canarito267	0.000977567578576304	0.000848087488096864	0.00117212682412237
canarito500	0.000972601711910979	0.001246574208372	0.00123073316532849
canarito394	0.000972596739845888	0.000712833453574274	0.00117212682412237
canarito237	0.000970051690656209	0.000717704018054419	0.00111352048291625
canarito467	0.000966880397341394	0.000779809987058419	0.00117212682412237
canarito299	0.00096228210568519	0.000371668152206753	0.000879095118091778
canarito366	0.00095960357114735	0.00083877643105535	0.00128933950653461
canarito409	0.000959484373597815	0.000847005140434609	0.00117212682412237
canarito362	0.000957812018490659	0.000558240518437362	0.00117212682412237
canarito404	0.000955743803900289	0.000868136007377167	0.00123073316532849
canarito320	0.000955587560558911	0.00266949223917303	0.00111352048291625
canarito67	0.000953042687797348	0.00103930821498292	0.00105491414171013
canarito222	0.000948899561779375	0.000618568856843752	0.00117212682412237
canarito301	0.000946617856022651	0.000861867709160998	0.00123073316532849
canarito475	0.000945057663945074	0.00113597046266062	0.00117212682412237
canarito463	0.000944997584619598	0.000609927995208999	0.00111352048291625
canarito71	0.000941178832180113	0.000925844491011676	0.000996307800504015
canarito6	0.000939153150145797	0.00065711046863145	0.00128933950653461
mttarjeta_visa_debitos_automaticos	0.000938920138721869	0.00181830823326097	0.00152376487135908
canarito384	0.000937326750865598	0.00154414813683885	0.00128933950653461
canarito214	0.000936764858150275	0.000658633640010451	0.00134794584774073
canarito402	0.000935355199979467	0.00133092206344206	0.00117212682412237
canarito257	0.000935085715696558	0.000551534980437104	0.00134794584774073
canarito371	0.00093481909415518	0.000653143055180736	0.00134794584774073
canarito494	0.000932180039932121	0.000554592074993074	0.00105491414171013
canarito499	0.000930535026747681	0.000483361413445697	0.00111352048291625
canarito213	0.0009279661347079	0.000854900544076817	0.00117212682412237
canarito86	0.000925681457619245	0.000855122747901518	0.00152376487135908
canarito233	0.000924720895573174	0.000803653891021926	0.00123073316532849
canarito153	0.000923892430859633	0.00107718679922917	0.00140655218894684
canarito78	0.000923021115315991	0.00211339132853158	0.00111352048291625
canarito288	0.000918807141791456	0.000631388583955952	0.000996307800504015
canarito90	0.000917709238980827	0.00081480350551621	0.00117212682412237
canarito236	0.000916481308854237	0.00138360587349219	0.00128933950653461
Master_mlimitecompra	0.000911368737552779	0.00147843673158244	0.00187540291859579
canarito310	0.000907797090404829	0.000917078191733946	0.00105491414171013
ctransferencias_recibidas	0.000907392782999324	0.00690444626269295	0.00193400925980191
canarito272	0.000907262848926798	0.000355067376141975	0.000996307800504015
canarito129	0.000904308861544193	0.00138189992154771	0.00128933950653461
canarito274	0.000903629371685169	0.000587076840591335	0.00111352048291625
canarito219	0.000902820904391134	0.00153441059181122	0.00128933950653461
canarito264	0.000899468343251274	0.000681427451705612	0.00123073316532849
canarito74	0.00089725371945347	0.000745751875023968	0.00117212682412237
canarito186	0.000893729738093108	0.000729118843565282	0.00117212682412237
canarito262	0.000892867117288932	0.00042591455689511	0.00117212682412237
canarito122	0.000892297066119346	0.00130485612123154	0.00140655218894684
canarito167	0.000889779259034689	0.000760506925770662	0.00117212682412237
canarito82	0.000889665231325567	0.000828365106688299	0.00146515853015296
canarito316	0.00088881299822741	0.000557265688754802	0.000996307800504015
canarito368	0.0008881870608817	0.000979055139162313	0.000937701459297896
canarito337	0.000883558542869603	0.00377518563875177	0.00111352048291625
canarito243	0.000883203717551519	0.00130697422543151	0.00111352048291625
canarito102	0.000881282507558205	0.000915519181028381	0.00123073316532849
canarito388	0.000880592368672982	0.00137865287856095	0.00117212682412237
canarito228	0.000878672545089072	0.0013866522162502	0.00111352048291625
canarito169	0.000878360205635373	0.00050506570961329	0.000879095118091778
canarito487	0.000877898418612801	0.000968048881974288	0.000937701459297896
canarito268	0.000877604580875424	0.000615558353412316	0.00117212682412237
canarito23	0.000874833934861339	0.00215712964267116	0.000996307800504015
canarito302	0.000869558501379847	0.000479340241005135	0.00111352048291625
canarito91	0.000865878877315085	0.000799363923632129	0.00105491414171013
canarito305	0.000865157826297082	0.00118318519147698	0.00123073316532849
canarito98	0.000863607672772069	0.00111950945996944	0.00134794584774073
canarito165	0.000863067584732402	0.000819494873363532	0.00117212682412237
canarito83	0.000862882805488836	0.0016169951520143	0.00105491414171013
canarito450	0.000861304710883505	0.000791095790993649	0.00117212682412237
canarito424	0.000861008767729483	0.000838597234422526	0.00123073316532849
canarito152	0.0008594250796915	0.000680768008096821	0.00105491414171013
canarito459	0.000858915949450674	0.000667700989631324	0.00111352048291625
canarito398	0.000858747845588685	0.00164339439996187	0.00123073316532849
canarito212	0.000858241336631282	0.000791095790993649	0.00128933950653461
canarito146	0.000857328165084996	0.000807986865603601	0.00128933950653461
canarito107	0.000849952602495409	0.00104608901556896	0.00134794584774073
canarito278	0.00084929781565705	0.000699056816442796	0.000879095118091778
canarito295	0.000848353362845441	0.000837360777656044	0.00123073316532849
canarito171	0.00084600623741988	0.00139490959709071	0.00128933950653461
canarito353	0.00084485162110672	0.00104791323729111	0.00105491414171013
canarito25	0.000843809548652734	0.00125451261920608	0.00146515853015296
canarito447	0.000839425268402214	0.000906039679152013	0.00117212682412237
canarito462	0.000838116732736688	0.000714890630919089	0.00111352048291625
canarito108	0.000837227047283742	0.000508538540357411	0.00117212682412237
canarito426	0.000835633341266679	0.000851198341642681	0.00111352048291625
canarito333	0.000830310747465301	0.000959597968770328	0.00134794584774073
canarito263	0.000830236914738454	0.000550040480519355	0.00111352048291625
canarito136	0.000828710366145484	0.000390258010895872	0.00105491414171013
canarito124	0.000828549739243989	0.000665909023303089	0.00117212682412237
canarito209	0.000826938880846004	0.00130362324839771	0.00117212682412237
canarito36	0.000821267526868044	0.00162169010379427	0.00117212682412237
canarito367	0.000818308320489586	0.00157688736165572	0.00134794584774073
canarito79	0.000815539022775609	0.001486557922982	0.00140655218894684
canarito303	0.000813642595709234	0.00120686065060563	0.00105491414171013
canarito259	0.000812618481769423	0.000884987658727897	0.000937701459297896
canarito240	0.000811749123282419	0.00119290481684133	0.000937701459297896
canarito365	0.000811207629409265	0.000544033809387108	0.00105491414171013
canarito322	0.000807870377509943	0.00058305925208343	0.00134794584774073
canarito53	0.000807260520580244	0.000698264767325716	0.00105491414171013
canarito422	0.000804323012461353	0.000968170735684608	0.00117212682412237
canarito13	0.000803160963464986	0.00235243963671825	0.00128933950653461
tmobile_app	0.000802747522064403	0.00734201935251956	0.000761882435679541
canarito215	0.000800304789666957	0.00111080050361422	0.00134794584774073
canarito15	0.000799835651832727	0.000473448255717896	0.000820488776885659
ccajas_otras	0.000799176656474385	0.00340725194437306	0.000527457070855067
canarito446	0.000799045587880872	0.000958046125930075	0.00123073316532849
canarito406	0.000798451448497412	0.00143153380490719	0.00105491414171013
canarito37	0.00079768194313205	0.0027836118228204	0.00123073316532849
Master_mpagosdolares	0.000796822643242686	0.000211717237748416	0.00041024438844283
canarito273	0.000794563935770005	0.00069935786678594	0.00111352048291625
canarito476	0.000793653066004336	0.0006220560233185	0.00123073316532849
canarito138	0.000793562578516501	0.000431476820377954	0.000937701459297896
canarito472	0.000792361868492827	0.00067563940046541	0.000996307800504015
canarito395	0.000789527157133999	0.000897922071685104	0.000879095118091778
canarito483	0.000786575847136192	0.00148117127219933	0.00140655218894684
canarito104	0.000786334916151296	0.00105812386142939	0.00123073316532849
canarito491	0.00078599744206549	0.000979814932885485	0.00105491414171013
canarito144	0.000784138514211229	0.000918544020190443	0.00117212682412237
canarito471	0.000783915769190819	0.000619421832815993	0.000937701459297896
canarito135	0.00078312858806209	0.000199646552561419	0.000703276094473422
canarito405	0.000782377796671702	0.000641075953926395	0.000996307800504015
canarito21	0.00078035024620606	0.000784476267377146	0.00123073316532849
canarito329	0.000779173538117198	0.000446285630114496	0.000879095118091778
canarito361	0.000777968128175998	0.000629628873021624	0.000879095118091778
canarito440	0.000777777551265214	0.000849972636674168	0.00117212682412237
canarito419	0.000775502441205755	0.000804718319020898	0.000761882435679541
Visa_mconsumospesos	0.000770030175782705	0.00309480827931451	0.00468850729648948
canarito28	0.000769767432364065	0.000711779777373271	0.000996307800504015
canarito493	0.000769068473667447	0.000794930598936074	0.000937701459297896
canarito454	0.000768178533293472	0.000657873846287279	0.00123073316532849
canarito266	0.000764740839778613	0.000842625574728401	0.000996307800504015
canarito323	0.000763640510258877	0.000715059075753943	0.000761882435679541
canarito354	0.000761637726866766	0.000969844432235181	0.00111352048291625
canarito85	0.000760544398335457	0.000671482038583902	0.000996307800504015
canarito232	0.000759806131233636	0.000915992260139035	0.00117212682412237
ctarjeta_debito_transacciones	0.000759343507002228	0.00741549355590989	0.013362245794995
canarito142	0.000758725333776591	0.000672589473774752	0.000879095118091778
canarito413	0.000758422999424067	0.000573798370099106	0.00111352048291625
canarito173	0.00075733860428494	0.00147935063440984	0.00111352048291625
canarito345	0.000752418501207659	0.00112931868365021	0.00105491414171013
canarito223	0.000750696047659915	0.000933721974990601	0.000996307800504015
canarito293	0.000747567753425446	0.000342516443979011	0.000996307800504015
canarito399	0.000744533131429922	0.000725416641131147	0.00111352048291625
canarito363	0.000744256282404114	0.000499335001295592	0.000937701459297896
canarito307	0.000743778140824181	0.000355841505595773	0.000761882435679541
canarito114	0.00074320880688218	0.000440483243143668	0.000996307800504015
canarito103	0.0007425106939868	0.000370159316558378	0.000820488776885659
canarito298	0.00074141093693312	0.000768789394139768	0.000937701459297896
canarito466	0.000740360053346387	0.000325102115201215	0.000820488776885659
canarito375	0.000737381296553015	0.000605774217260148	0.000879095118091778
canarito99	0.000734709005575902	0.00101277636152706	0.00117212682412237
canarito20	0.000733467068948662	0.000527232333093568	0.000937701459297896
ccuenta_debitos_automaticos	0.000731672100502722	0.00176352065474149	0.00310613608392428
canarito65	0.00073051076787656	0.000466520513892936	0.000937701459297896
canarito427	0.000727379756813393	0.000738573257913055	0.00123073316532849
canarito458	0.000725396676095917	0.000474415917535143	0.000820488776885659
ctarjeta_master	0.000723996106195327	0.000100507807418096	0.000293031706030593
canarito351	0.000723290561680904	0.000783214723082067	0.00105491414171013
canarito45	0.00072068826699129	0.000289958071571852	0.000761882435679541
canarito385	0.000719632034531463	0.00065422540284299	0.000937701459297896
canarito319	0.000719627052335439	0.000894291547904098	0.000996307800504015
canarito58	0.00071783765242675	0.000526006628125055	0.000996307800504015
canarito380	0.000717205031478158	0.000531092228564588	0.000879095118091778
canarito224	0.000715644045422652	0.00191121810344735	0.00111352048291625
canarito342	0.000715081727736895	0.000539012719735391	0.000820488776885659
canarito403	0.000713395183929112	0.000747264294604999	0.00128933950653461
canarito451	0.000712925387111193	0.000469767556879699	0.00117212682412237
canarito254	0.000710957461432156	0.00209233572417481	0.000996307800504015
canarito188	0.000710921672022352	0.000427469983668019	0.000937701459297896
canarito194	0.00070761875426899	0.00103287505586455	0.00123073316532849
canarito229	0.000706581848395104	0.000650903097270441	0.000820488776885659
canarito496	0.000705295104279561	0.00178854725648163	0.000937701459297896
canarito174	0.000702786268081966	0.000830841604153921	0.000996307800504015
canarito19	0.000702554712656804	0.000431555666896397	0.000996307800504015
canarito180	0.000701484604471416	0.000889098429484871	0.000996307800504015
canarito391	0.000700659558334129	0.000502245154612647	0.000937701459297896
canarito470	0.000699768116541625	0.000894943823647576	0.000996307800504015
canarito55	0.000697075441691989	0.00103260267698266	0.00105491414171013
canarito18	0.000692063271717535	0.000725011656740965	0.00111352048291625
canarito400	0.000687268441418183	0.00103927237565635	0.000937701459297896
canarito465	0.000686856144949711	0.00106617337417583	0.000937701459297896
canarito428	0.000685553955499067	0.000668120309752132	0.000879095118091778
canarito357	0.000684345626731525	0.000638732061969063	0.00111352048291625
canarito220	0.000683164884186083	0.000581711693404596	0.000820488776885659
canarito265	0.00068047894545473	0.000475655958234282	0.00123073316532849
canarito479	0.000679623996930497	0.000488748064228374	0.00105491414171013
canarito123	0.000677302688456249	0.000372033713337713	0.00111352048291625
canarito414	0.000672367488465491	0.00069654447965061	0.000937701459297896
canarito32	0.000671942438588373	0.000488841246477442	0.000820488776885659
canarito411	0.000671523256077065	0.0016895984597691	0.000937701459297896
canarito43	0.000670822696218302	0.000456980085161408	0.00105491414171013
canarito251	0.000669739544792764	0.000321847904349138	0.000761882435679541
canarito244	0.00066929824255499	0.000669543131016751	0.000703276094473422
canarito248	0.000668941961396507	0.00233516866524671	0.000879095118091778
canarito495	0.000667915093505683	0.000778458844446929	0.000996307800504015
canarito93	0.000664719517883008	0.00149734197634533	0.00111352048291625
canarito358	0.000661284816243545	0.000669206241347043	0.00117212682412237
canarito182	0.000661030501077334	0.00154968889672576	0.000996307800504015
mpagomiscuentas	0.000653684038232487	0.00197904044503842	0.00293031706030593
canarito211	0.000652716416169492	0.000529529633926367	0.000879095118091778
canarito3	0.000652528188343555	0.00155621523809319	0.000879095118091778
cpagomiscuentas	0.000651265680454077	0.00178006767181642	0.00345777413116099
canarito250	0.00064956943084922	0.000300283381555147	0.000761882435679541
canarito423	0.000649272628996116	0.000781888667999173	0.00111352048291625
canarito49	0.000649228429894962	0.000634646378740685	0.00111352048291625
canarito239	0.000647984153078805	0.000698107074288831	0.000937701459297896
canarito175	0.000642237906197935	0.000742354306865632	0.000937701459297896
canarito183	0.000641175908462395	0.000575525825639526	0.000703276094473422
canarito8	0.000641003043865209	0.000495743900773807	0.000937701459297896
canarito277	0.00064047628996484	0.000622719050859947	0.000879095118091778
canarito352	0.000638283441467983	0.000589585593450865	0.000879095118091778
canarito207	0.000638105796038979	0.000695411956931164	0.000996307800504015
canarito377	0.000636793720290796	0.000439239618511872	0.000820488776885659
canarito105	0.000635669260422078	0.000290194611127179	0.000820488776885659
canarito163	0.000632670936763616	0.000488253481521781	0.000937701459297896
canarito132	0.000628566661121573	0.000482185883534374	0.000761882435679541
canarito359	0.000625032681139828	0.00124586458970601	0.000996307800504015
canarito453	0.000622980195397627	0.000734021663439335	0.000761882435679541
canarito47	0.000621579249671988	0.000830393612571862	0.00105491414171013
canarito247	0.000620124699758021	0.000942054618416898	0.00105491414171013
canarito126	0.000616856483646708	0.000363977032725964	0.000937701459297896
canarito238	0.000615678260908075	0.00128548138129065	0.000879095118091778
cextraccion_autoservicio	0.000613289237217727	0.000937685804508659	0.00187540291859579
mcaja_ahorro_dolares	0.000610527058105283	0.000958723489202148	0.00228564730703862
canarito57	0.000609851498650572	0.000301010919884411	0.000820488776885659
canarito249	0.000608760487745046	0.000602570181465262	0.000879095118091778
canarito456	0.000608580681410296	0.000567401050307304	0.000820488776885659
canarito172	0.000603904246065485	0.000542786600822656	0.000996307800504015
canarito481	0.000596532470121812	0.00142687110852112	0.00111352048291625
canarito485	0.000595920680726763	0.000588496077923297	0.000937701459297896
canarito306	0.000595299623736424	0.00116090746608435	0.00105491414171013
canarito51	0.000594348096321859	0.000518896105734615	0.000761882435679541
canarito349	0.000590597161986579	0.00135296683321202	0.00105491414171013
canarito407	0.000588433323583623	0.000630406586408079	0.000761882435679541
numero_de_cliente	0.000583551009235981	0.00164849792006468	0.00269589169548145
canarito489	0.00058247893182222	0.000627765228040259	0.000879095118091778
canarito420	0.000581175591135492	0.000469057938213718	0.000879095118091778
canarito201	0.000574485995952375	0.00046748100784487	0.000937701459297896
canarito355	0.000574266164975421	0.000268418636306456	0.000644669753267304
canarito131	0.000568420189325943	0.000995215091510345	0.000761882435679541
canarito280	0.000567489332994396	0.000334058362909738	0.000761882435679541
canarito96	0.000567100903260869	0.000603369398447655	0.000703276094473422
canarito177	0.000567005543452848	0.000501291828526025	0.000879095118091778
canarito300	0.000566535213854918	0.00089995774543398	0.000820488776885659
canarito445	0.000561566226591585	0.000657042373910977	0.000937701459297896
canarito350	0.000561482961568368	0.000620224633731042	0.000703276094473422
canarito412	0.000553842462757729	0.000612501258856346	0.000820488776885659
canarito106	0.000553473589659572	0.00063823747926247	0.000703276094473422
canarito137	0.000545591204045979	0.000656314835581714	0.000761882435679541
canarito205	0.000545077105470093	0.000423667431119502	0.000703276094473422
canarito68	0.000543388365666894	0.000468122531790379	0.000820488776885659
canarito296	0.000542743473636563	0.000340072201907297	0.000644669753267304
canarito30	0.000541703474690343	0.000636427593270951	0.000761882435679541
Visa_cconsumos	0.000539977450603541	0.00260002845642529	0.00609505948543632
canarito430	0.000537430003508204	0.000408532483511222	0.000703276094473422
canarito121	0.000536939148800253	0.000552893290913906	0.00111352048291625
canarito436	0.000526323502232493	0.000895753792427939	0.000879095118091778
canarito381	0.000525258366957822	0.000512172648071074	0.000820488776885659
canarito158	0.00052044537626014	0.000292760706909213	0.000703276094473422
canarito166	0.000519293439665792	0.000503280911150367	0.000644669753267304
canarito374	0.000517073093623556	0.000632775565894007	0.000879095118091778
canarito282	0.000512437144091135	0.000207778495758953	0.000586063412061185
canarito464	0.000511792780494275	0.000453460663292753	0.000820488776885659
canarito178	0.000509212453495203	0.000643183306328401	0.000703276094473422
canarito200	0.00049599882861234	0.000640061700984614	0.000644669753267304
canarito492	0.000494693232793322	0.000238087814234735	0.000703276094473422
canarito338	0.000492951002062148	0.000211100801331503	0.000644669753267304
canarito435	0.000485564076926127	0.000757933662123315	0.000761882435679541
canarito396	0.000469507357367326	0.000277948313240015	0.000644669753267304
canarito41	0.000468929388728994	0.000235174076985024	0.000586063412061185
canarito473	0.000461821401815053	0.000777347825323423	0.000937701459297896
canarito452	0.000461265433718065	0.000631832991605355	0.000761882435679541
cmobile_app_trx	0.000458747272234972	0.000266375794692267	0.000293031706030593
Master_mconsumospesos	0.000454838508424962	0.00258514080017031	0.00257867901306921
canarito401	0.000453175614752032	0.000516792337265266	0.000820488776885659
canarito2	0.000448200037086334	0.000241635907564643	0.000879095118091778
canarito73	0.000447364914855675	0.000444418401200474	0.000586063412061185
canarito159	0.000439820582939719	0.00046287923831396	0.000820488776885659
canarito70	0.000439459884498264	0.000302913988124998	0.000644669753267304
canarito234	0.000436305716230385	0.000533525718838333	0.000703276094473422
canarito89	0.00041419364976666	0.00057784821400092	0.000586063412061185
canarito48	0.00041166115946232	0.000816509457460691	0.000586063412061185
canarito64	0.000406662663876869	0.000253000558018315	0.000586063412061185
canarito376	0.000403354529156451	0.00026909599957853	0.000586063412061185
canarito196	0.000399754908793898	0.000291115681819892	0.000527457070855067
canarito198	0.000398718806996279	0.000553036648220165	0.000703276094473422
canarito324	0.000392586607778086	0.000552839531924059	0.000703276094473422
canarito312	0.000382450440732584	0.000327320569515571	0.000468850729648948
mplazo_fijo_dolares	0.000372143273305864	0.00321589144411341	0.000468850729648948
ctarjeta_master_transacciones	0.000371624852379783	0.000453797552962461	0.000527457070855067
canarito116	0.000368264020827702	0.000651992612798009	0.000586063412061185
cplazo_fijo	0.000367915481532357	0.00321447937464676	0.00041024438844283
canarito87	0.000364376438495497	0.000188464682673227	0.000586063412061185
canarito170	0.000363536875386146	0.000518078969088939	0.000586063412061185
mtransferencias_emitidas	0.00035722281995876	0.00139228615838617	0.00293031706030593
canarito26	0.000339313093527101	0.000881091923930313	0.000586063412061185
Master_mpagospesos	0.000336823111649846	0.000815993371158159	0.00105491414171013
Master_mpagominimo	0.000325746792243011	0.000924575778851285	0.000527457070855067
Visa_mpagado	0.000322421572173681	0.000618848403590957	0.000586063412061185
matm_other	0.000320116620648264	0.000964321592011557	0.000761882435679541
Visa_mconsumosdolares	0.000287761329126961	0.000893524586315613	0.00152376487135908
canarito281	0.000277774114810983	0.000327596532330119	0.000468850729648948
Master_mconsumototal	0.000224071593324584	0.00176726944830016	0.00187540291859579
ctransferencias_emitidas	0.000182205167965806	0.000594814551196657	0.0015823712125652
Visa_msaldodolares	0.000152315231989217	0.000892191363367406	0.000468850729648948
ctarjeta_debito	0.00012067538147048	0.000107980307006839	0.000234425364824474
ctarjeta_visa_debitos_automaticos	0.000112197656862814	0.000264042654532904	0.000761882435679541
Master_madelantopesos	0.000102524425026392	0.000128577167983583	0.000293031706030593
Master_cconsumos	0.000100983918732869	0.000259885292651397	0.000527457070855067
Visa_fultimo_cierre	0.000100704102714751	3.07429743272152e-05	5.86063412061185e-05
Master_mconsumosdolares	8.95912115439344e-05	0.000234493129780294	0.000527457070855067
Master_msaldodolares	8.82870986873386e-05	0.000330166212044809	0.000175819023618356
matm	6.17816248330646e-05	0.000560767190960175	0.00140655218894684
Master_fultimo_cierre	5.11730308695494e-05	0.000111187926734381	0.000234425364824474
cseguro_vivienda	3.75703286716096e-05	8.17602556920915e-05	5.86063412061185e-05
Visa_mpagosdolares	2.56776179065261e-05	0.00032585832499173	0.000293031706030593
ccheques_emitidos	2.56670376691303e-05	0.000710901713872436	0.000117212682412237
mprestamos_prendarios	2.38086855709585e-05	0.00055896447283397	5.86063412061185e-05
ctarjeta_master_debitos_automaticos	1.92382235129352e-05	0.000149851392232399	5.86063412061185e-05
Visa_delinquency	1.72419996240161e-05	3.15565270402343e-05	0.000117212682412237
mttarjeta_master_debitos_automaticos	1.33815058998363e-05	3.51189561007673e-05	5.86063412061185e-05
ccajas_depositos	1.28630243807159e-05	0.000166828481226106	5.86063412061185e-05
catm_trx_other	6.66985671855887e-06	0.000203284244207738	0.000293031706030593
mcaja_ahorro_adicional	1.94337297183577e-06	8.46309857499254e-05	5.86063412061185e-05
ctarjeta_visa_descuentos	1.68467074984683e-06	5.3013531854531e-05	5.86063412061185e-05
minversion1_pesos	1.34974572131599e-06	9.80492296157558e-05	5.86063412061185e-05
Master_mpagado	7.63509893821062e-07	4.63832564400582e-05	5.86063412061185e-05
Visa_madelantodolares	8.99700644133983e-08	0.000589571257720239	0.000820488776885659
Visa_cadelantosefectivo	4.76779995497823e-08	7.47142440894679e-05	0.000175819023618356
Visa_madelantopesos	1.53149274936846e-08	0.000586270455743629	0.000703276094473422
Master_madelantodolares	8.32476845562454e-12	1.40884392725907e-05	5.86063412061185e-05
