fecha	objective	metric	first_metric_only	boost_from_average	feature_pre_filter	verbosity	max_depth	min_gain_to_split	lambda_l1	lambda_l2	max_bin	num_iterations	force_row_wise	seed	learning_rate	feature_fraction	min_data_in_leaf	num_leaves	envios	ganancia	iteracion
20221018 214103	binary	custom	TRUE	TRUE	FALSE	-100	-1	0	0	0	31	88	TRUE	102191	0.223125602138753	0.742656474355608	289	496	10325	23590000	1
20221018 214118	binary	custom	TRUE	TRUE	FALSE	-100	-1	0	0	0	31	25	TRUE	102191	0.229090896983282	0.516493951147422	3017	98	13144	23320000	2
20221018 214201	binary	custom	TRUE	TRUE	FALSE	-100	-1	0	0	0	31	127	TRUE	102191	0.0918821595194749	0.443545754551887	3989	545	8790	26020000	3
20221018 214219	binary	custom	TRUE	TRUE	FALSE	-100	-1	0	0	0	31	104	TRUE	102191	0.295486206716858	0.648863569181412	5710	649	6082	2.4e+07	4
20221018 214236	binary	custom	TRUE	TRUE	FALSE	-100	-1	0	0	0	31	59	TRUE	102191	0.257220714092662	0.762573864702135	2041	413	11616	23890000	5
20221018 214309	binary	custom	TRUE	TRUE	FALSE	-100	-1	0	0	0	31	195	TRUE	102191	0.0602107780878432	0.627261158768088	7392	234	9672	25940000	6
20221018 214338	binary	custom	TRUE	TRUE	FALSE	-100	-1	0	0	0	31	136	TRUE	102191	0.140509922730213	0.83197834555991	6230	994	7421	26360000	7
20221018 214355	binary	custom	TRUE	TRUE	FALSE	-100	-1	0	0	0	31	47	TRUE	102191	0.191629000578076	0.368256743066013	2686	955	11393	24740000	8
20221018 214450	binary	custom	TRUE	TRUE	FALSE	-100	-1	0	0	0	31	228	TRUE	102191	0.0246735930744326	0.588917160974816	5225	806	9039	25770000	9
20221018 214507	binary	custom	TRUE	TRUE	FALSE	-100	-1	0	0	0	31	50	TRUE	102191	0.171174606640532	0.215653228452429	1525	207	12500	23960000	10
20221018 214524	binary	custom	TRUE	TRUE	FALSE	-100	-1	0	0	0	31	28	TRUE	102191	0.15820858184644	0.847502986853942	974	445	7710	25460000	11
20221018 214632	binary	custom	TRUE	TRUE	FALSE	-100	-1	0	0	0	31	451	TRUE	102191	0.0486988846026943	0.355804955251515	6507	21	12961	25120000	12
20221018 214650	binary	custom	TRUE	TRUE	FALSE	-100	-1	0	0	0	31	53	TRUE	102191	0.283180814915569	0.554538311557844	3231	770	8427	25870000	13
20221018 214916	binary	custom	TRUE	TRUE	FALSE	-100	-1	0	0	0	31	625	TRUE	102191	0.00815130802796921	0.986543751778081	1956	309	10967	26310000	14
20221018 214937	binary	custom	TRUE	TRUE	FALSE	-100	-1	0	0	0	31	74	TRUE	102191	0.123756660973537	0.258684688517824	4068	712	14608	23110000	15
20221018 215006	binary	custom	TRUE	TRUE	FALSE	-100	-1	0	0	0	31	161	TRUE	102191	0.0976798294857726	0.310436545349658	6869	323	5915	25050000	16
20221018 215028	binary	custom	TRUE	TRUE	FALSE	-100	-1	0	0	0	31	151	TRUE	102191	0.109725172005885	0.921137810368091	7885	860	14281	24080000	17
20221018 215042	binary	custom	TRUE	TRUE	FALSE	-100	-1	0	0	0	31	64	TRUE	102191	0.206885990274313	0.902808261364698	5148	581	5248	24150000	18
20221018 215132	binary	custom	TRUE	TRUE	FALSE	-100	-1	0	0	0	31	91	TRUE	102191	0.0655373495778185	0.432275468101725	789	911	6736	26370000	19
20221018 215145	binary	custom	TRUE	TRUE	FALSE	-100	-1	0	0	0	31	45	TRUE	102191	0.253827164719463	0.709544673422352	4753	139	13620	23160000	20
20221018 215224	binary	custom	TRUE	TRUE	FALSE	-100	-1	0	0	0	31	143	TRUE	102191	0.0977938327219055	0.467937871554002	3296	1024	7532	26140000	21
20221018 215241	binary	custom	TRUE	TRUE	FALSE	-100	-1	0	0	0	31	83	TRUE	102191	0.142639679301387	0.86068239400926	7929	1022	8375	26210000	22
20221018 215341	binary	custom	TRUE	TRUE	FALSE	-100	-1	0	0	0	31	174	TRUE	102191	0.0429247673883477	0.964704081516839	1355	874	6905	26510000	23
20221018 220029	binary	custom	TRUE	TRUE	FALSE	-100	-1	0	0	0	31	935	TRUE	102191	0.00501013968522477	0.67013458990088	24	348	6957	26090000	24
20221018 220125	binary	custom	TRUE	TRUE	FALSE	-100	-1	0	0	0	31	340	TRUE	102191	0.0702583571790724	0.99798316243596	5875	854	7337	26610000	25
20221018 221229	binary	custom	TRUE	TRUE	FALSE	-100	-1	0	0	0	31	3174	TRUE	102191	0.00502763139012696	0.999883646915949	6616	339	11328	25990000	26
20221018 221334	binary	custom	TRUE	TRUE	FALSE	-100	-1	0	0	0	31	119	TRUE	102191	0.0701983600131783	0.998238603413094	4499	1016	6916	26650000	27
20221018 221404	binary	custom	TRUE	TRUE	FALSE	-100	-1	0	0	0	31	105	TRUE	102191	0.0673971167163283	0.998897967138128	3811	610	7074	26100000	28
20221018 221451	binary	custom	TRUE	TRUE	FALSE	-100	-1	0	0	0	31	347	TRUE	102191	0.0494304412367636	0.998982100695825	7274	1024	6955	26410000	29
20221018 221544	binary	custom	TRUE	TRUE	FALSE	-100	-1	0	0	0	31	39	TRUE	102191	0.0721517224774429	0.999419171932324	221	1022	7157	26410000	30
20221018 222056	binary	custom	TRUE	TRUE	FALSE	-100	-1	0	0	0	31	2227	TRUE	102191	0.00553015721534122	0.909769582159613	2027	16	8858	26770000	31
20221018 222601	binary	custom	TRUE	TRUE	FALSE	-100	-1	0	0	0	31	1779	TRUE	102191	0.00541750196152179	0.22671763414364	630	16	8838	27050000	32
20221018 222657	binary	custom	TRUE	TRUE	FALSE	-100	-1	0	0	0	31	366	TRUE	102191	0.04725388589465	0.224660472163049	37	16	8386	26670000	33
20221018 223348	binary	custom	TRUE	TRUE	FALSE	-100	-1	0	0	0	31	3262	TRUE	102191	0.00503884452110095	0.216288448430907	1958	16	9651	26300000	34
20221018 223719	binary	custom	TRUE	TRUE	FALSE	-100	-1	0	0	0	31	401	TRUE	102191	0.00506606913278516	0.310870824562276	85	152	8674	26580000	35
20221018 224142	binary	custom	TRUE	TRUE	FALSE	-100	-1	0	0	0	31	1488	TRUE	102191	0.00554237422374367	0.332578695182273	3301	16	8138	26290000	36
20221018 224856	binary	custom	TRUE	TRUE	FALSE	-100	-1	0	0	0	31	1781	TRUE	102191	0.00536664486749597	0.924155959095411	1789	344	8895	27090000	37
20221018 225617	binary	custom	TRUE	TRUE	FALSE	-100	-1	0	0	0	31	3617	TRUE	102191	0.00509999392303003	0.863550758812794	4854	379	8671	26740000	38
20221018 230009	binary	custom	TRUE	TRUE	FALSE	-100	-1	0	0	0	31	708	TRUE	102191	0.00556920442510956	0.989944843522224	984	296	8891	27020000	39
20221018 230328	binary	custom	TRUE	TRUE	FALSE	-100	-1	0	0	0	31	482	TRUE	102191	0.00904614688217346	0.996813395269031	1069	410	8824	27160000	40
20221018 230426	binary	custom	TRUE	TRUE	FALSE	-100	-1	0	0	0	31	199	TRUE	102191	0.0232450747035822	0.982035456587147	1446	381	8869	26830000	41
20221018 231032	binary	custom	TRUE	TRUE	FALSE	-100	-1	0	0	0	31	1035	TRUE	102191	0.00511114903775538	0.986269125696878	1139	468	8821	27560000	42
20221018 231533	binary	custom	TRUE	TRUE	FALSE	-100	-1	0	0	0	31	1062	TRUE	102191	0.0050178699629635	0.914605125606903	975	534	8800	26960000	43
20221018 232004	binary	custom	TRUE	TRUE	FALSE	-100	-1	0	0	0	31	988	TRUE	102191	0.00516396501233847	0.559923644364705	1966	467	8743	26360000	44
20221018 232456	binary	custom	TRUE	TRUE	FALSE	-100	-1	0	0	0	31	2059	TRUE	102191	0.00503668021364747	0.991082521751912	4696	480	9358	26330000	45
20221018 232901	binary	custom	TRUE	TRUE	FALSE	-100	-1	0	0	0	31	1445	TRUE	102191	0.00543393666215491	0.998676591719572	3749	451	7991	26580000	46
20221018 232931	binary	custom	TRUE	TRUE	FALSE	-100	-1	0	0	0	31	53	TRUE	102191	0.0963654640969636	0.974371695636413	576	757	8338	26930000	47
20221018 232954	binary	custom	TRUE	TRUE	FALSE	-100	-1	0	0	0	31	99	TRUE	102191	0.101768650273163	0.998172271964877	2594	907	8513	26740000	48
20221018 233021	binary	custom	TRUE	TRUE	FALSE	-100	-1	0	0	0	31	95	TRUE	102191	0.119889527955305	0.237247005330742	852	774	7951	26260000	49
20221018 233042	binary	custom	TRUE	TRUE	FALSE	-100	-1	0	0	0	31	89	TRUE	102191	0.148360760544597	0.999851043626767	4390	789	8423	25720000	50
20221018 233257	binary	custom	TRUE	TRUE	FALSE	-100	-1	0	0	0	31	198	TRUE	102191	0.0174878282265572	0.958478861397844	189	471	8648	26790000	51
20221018 233330	binary	custom	TRUE	TRUE	FALSE	-100	-1	0	0	0	31	102	TRUE	102191	0.101462645778035	0.977614839403459	879	824	6431	26420000	52
20221018 233401	binary	custom	TRUE	TRUE	FALSE	-100	-1	0	0	0	31	67	TRUE	102191	0.0652653432713711	0.968811093648245	785	828	8985	26990000	53
20221018 233820	binary	custom	TRUE	TRUE	FALSE	-100	-1	0	0	0	31	799	TRUE	102191	0.00501594947570973	0.999165463550174	1001	946	8835	27130000	54
20221018 234415	binary	custom	TRUE	TRUE	FALSE	-100	-1	0	0	0	31	841	TRUE	102191	0.00503889496901744	0.996261517267266	494	969	10543	25960000	55
20221018 234452	binary	custom	TRUE	TRUE	FALSE	-100	-1	0	0	0	31	174	TRUE	102191	0.0483937652576258	0.99696107533658	3535	988	8713	26260000	56
20221018 235245	binary	custom	TRUE	TRUE	FALSE	-100	-1	0	0	0	31	1035	TRUE	102191	0.00506744855131435	0.990030101438741	341	790	8713	26580000	57
20221019 000011	binary	custom	TRUE	TRUE	FALSE	-100	-1	0	0	0	31	2632	TRUE	102191	0.00500956406430826	0.877360084203546	1968	1018	5929	26070000	58
20221019 000033	binary	custom	TRUE	TRUE	FALSE	-100	-1	0	0	0	31	40	TRUE	102191	0.0841592998224986	0.970404812161125	1251	164	8803	26480000	59
20221019 000305	binary	custom	TRUE	TRUE	FALSE	-100	-1	0	0	0	31	942	TRUE	102191	0.00502563675125332	0.847758684196156	0	18	6530	25740000	60
20221019 000348	binary	custom	TRUE	TRUE	FALSE	-100	-1	0	0	0	31	312	TRUE	102191	0.0854322427374484	0.774638715370104	7828	978	5020	24360000	61
20221019 000423	binary	custom	TRUE	TRUE	FALSE	-100	-1	0	0	0	31	108	TRUE	102191	0.0800179242439923	0.76371827431598	920	852	8092	27500000	62
20221019 000546	binary	custom	TRUE	TRUE	FALSE	-100	-1	0	0	0	31	144	TRUE	102191	0.0850559653206227	0.64335727445632	99	858	8673	26260000	63
20221019 000618	binary	custom	TRUE	TRUE	FALSE	-100	-1	0	0	0	31	125	TRUE	102191	0.0789728053319827	0.822215047508698	1737	838	7816	25970000	64
20221019 000649	binary	custom	TRUE	TRUE	FALSE	-100	-1	0	0	0	31	40	TRUE	102191	0.0674656932260724	0.744657467583311	492	848	9641	26960000	65
20221019 000715	binary	custom	TRUE	TRUE	FALSE	-100	-1	0	0	0	31	42	TRUE	102191	0.0901341028210784	0.758429083662399	757	564	8147	26910000	66
20221019 000750	binary	custom	TRUE	TRUE	FALSE	-100	-1	0	0	0	31	118	TRUE	102191	0.0808896792207028	0.773664083136201	897	1022	11413	26140000	67
20221019 000855	binary	custom	TRUE	TRUE	FALSE	-100	-1	0	0	0	31	158	TRUE	102191	0.0256160578689464	0.201467021235055	436	580	8326	27270000	68
20221019 000938	binary	custom	TRUE	TRUE	FALSE	-100	-1	0	0	0	31	153	TRUE	102191	0.0692446556411149	0.727411199732556	892	925	6514	26100000	69
20221019 001022	binary	custom	TRUE	TRUE	FALSE	-100	-1	0	0	0	31	90	TRUE	102191	0.0622584748203191	0.76934647828599	457	818	7448	27110000	70
20221019 001121	binary	custom	TRUE	TRUE	FALSE	-100	-1	0	0	0	31	186	TRUE	102191	0.0283399855568402	0.247726359104977	789	401	6658	26770000	71
20221019 001519	binary	custom	TRUE	TRUE	FALSE	-100	-1	0	0	0	31	796	TRUE	102191	0.00506252174902165	0.980158870952253	1268	663	7038	26970000	72
20221019 001555	binary	custom	TRUE	TRUE	FALSE	-100	-1	0	0	0	31	63	TRUE	102191	0.0893588492673508	0.77881239073795	714	795	8557	26810000	73
20221019 001622	binary	custom	TRUE	TRUE	FALSE	-100	-1	0	0	0	31	106	TRUE	102191	0.0722263546726231	0.76012353644846	2020	782	8251	26780000	74
20221019 002735	binary	custom	TRUE	TRUE	FALSE	-100	-1	0	0	0	31	1970	TRUE	102191	0.00651091096913396	0.225503844026422	0	711	7862	26440000	75
20221019 003226	binary	custom	TRUE	TRUE	FALSE	-100	-1	0	0	0	31	1324	TRUE	102191	0.0119745575422536	0.200199440002161	9	280	7428	26590000	76
20221019 003258	binary	custom	TRUE	TRUE	FALSE	-100	-1	0	0	0	31	89	TRUE	102191	0.0626091832700837	0.200039735734881	650	766	6617	26930000	77
20221019 003343	binary	custom	TRUE	TRUE	FALSE	-100	-1	0	0	0	31	133	TRUE	102191	0.0749222934515508	0.530975456662465	738	721	7866	27150000	78
20221019 003437	binary	custom	TRUE	TRUE	FALSE	-100	-1	0	0	0	31	124	TRUE	102191	0.045868989213101	0.492454926956783	556	577	7362	26880000	79
20221019 003533	binary	custom	TRUE	TRUE	FALSE	-100	-1	0	0	0	31	103	TRUE	102191	0.0744507511013247	0.566802618052077	15	502	7598	25210000	80
20221019 003621	binary	custom	TRUE	TRUE	FALSE	-100	-1	0	0	0	31	141	TRUE	102191	0.0428472697143291	0.515871992979362	1543	821	8916	27290000	81
20221019 003709	binary	custom	TRUE	TRUE	FALSE	-100	-1	0	0	0	31	195	TRUE	102191	0.0661254003901501	0.509348937391839	1795	760	5475	25370000	82
20221019 003815	binary	custom	TRUE	TRUE	FALSE	-100	-1	0	0	0	31	145	TRUE	102191	0.0355551896490035	0.524820750684407	480	779	10727	26790000	83
20221019 004037	binary	custom	TRUE	TRUE	FALSE	-100	-1	0	0	0	31	532	TRUE	102191	0.0120585123450822	0.30355123034608	1033	854	8875	27130000	84
20221019 004125	binary	custom	TRUE	TRUE	FALSE	-100	-1	0	0	0	31	140	TRUE	102191	0.0361206842203738	0.65229292168618	1006	845	8467	26990000	85
20221019 004504	binary	custom	TRUE	TRUE	FALSE	-100	-1	0	0	0	31	703	TRUE	102191	0.00539977842985098	0.758727322190732	1192	479	8026	26990000	86
20221019 004732	binary	custom	TRUE	TRUE	FALSE	-100	-1	0	0	0	31	413	TRUE	102191	0.00947519996162063	0.409477270216932	1043	649	8803	26960000	87
20221019 004827	binary	custom	TRUE	TRUE	FALSE	-100	-1	0	0	0	31	184	TRUE	102191	0.0283316926902231	0.944497344662039	1146	645	9303	27560000	88
20221019 005024	binary	custom	TRUE	TRUE	FALSE	-100	-1	0	0	0	31	606	TRUE	102191	0.0221440973667823	0.932768406938636	1470	755	9161	27040000	89
20221019 005124	binary	custom	TRUE	TRUE	FALSE	-100	-1	0	0	0	31	232	TRUE	102191	0.038380345907938	0.373428564129013	1132	670	9737	27010000	90
20221019 005223	binary	custom	TRUE	TRUE	FALSE	-100	-1	0	0	0	31	139	TRUE	102191	0.0267584036972918	0.876429277060785	721	621	9044	27280000	91
20221019 005308	binary	custom	TRUE	TRUE	FALSE	-100	-1	0	0	0	31	234	TRUE	102191	0.0543354943173466	0.229700637200988	2215	794	9639	26170000	92
20221019 005407	binary	custom	TRUE	TRUE	FALSE	-100	-1	0	0	0	31	244	TRUE	102191	0.0293720011680447	0.761800062973543	1340	568	10581	26600000	93
20221019 005833	binary	custom	TRUE	TRUE	FALSE	-100	-1	0	0	0	31	1173	TRUE	102191	0.00657296359336405	0.324944929754105	1135	569	8149	27310000	94
20221019 005917	binary	custom	TRUE	TRUE	FALSE	-100	-1	0	0	0	31	129	TRUE	102191	0.0894893955546766	0.477799114601966	973	704	9114	26660000	95
20221019 010415	binary	custom	TRUE	TRUE	FALSE	-100	-1	0	0	0	31	827	TRUE	102191	0.00531976208622345	0.53854667656552	954	912	8470	27140000	96
20221019 010933	binary	custom	TRUE	TRUE	FALSE	-100	-1	0	0	0	31	1998	TRUE	102191	0.00529273121452415	0.870712590220719	2611	239	9146	26430000	97
20221019 011741	binary	custom	TRUE	TRUE	FALSE	-100	-1	0	0	0	31	2446	TRUE	102191	0.00534074232943761	0.352131523204738	1019	1009	8163	27360000	98
20221019 012254	binary	custom	TRUE	TRUE	FALSE	-100	-1	0	0	0	31	1172	TRUE	102191	0.00617223760718543	0.350089645631291	709	815	7812	27020000	99
20221019 012337	binary	custom	TRUE	TRUE	FALSE	-100	-1	0	0	0	31	90	TRUE	102191	0.0453309494795552	0.996816221429342	1030	664	8505	26910000	100
20221019 012438	binary	custom	TRUE	TRUE	FALSE	-100	-1	0	0	0	31	164	TRUE	102191	0.0437907293266036	0.324462828627375	1239	1024	8052	27660000	101
20221019 012619	binary	custom	TRUE	TRUE	FALSE	-100	-1	0	0	0	31	548	TRUE	102191	0.0216568964311207	0.330286350391756	2286	1023	7675	26890000	102
20221019 012659	binary	custom	TRUE	TRUE	FALSE	-100	-1	0	0	0	31	63	TRUE	102191	0.0495077941533155	0.327664930340837	467	1024	8876	26970000	103
20221019 012736	binary	custom	TRUE	TRUE	FALSE	-100	-1	0	0	0	31	101	TRUE	102191	0.0758756059007451	0.532721893803868	1181	1022	8955	26730000	104
20221019 012852	binary	custom	TRUE	TRUE	FALSE	-100	-1	0	0	0	31	343	TRUE	102191	0.0413486983453748	0.305211673825437	1176	1018	6412	26780000	105
20221019 012939	binary	custom	TRUE	TRUE	FALSE	-100	-1	0	0	0	31	191	TRUE	102191	0.0463263555815211	0.338980346227479	1404	941	8383	26920000	106
20221019 013027	binary	custom	TRUE	TRUE	FALSE	-100	-1	0	0	0	31	179	TRUE	102191	0.043180615600777	0.309801991125188	1128	940	12974	24620000	107
20221019 013428	binary	custom	TRUE	TRUE	FALSE	-100	-1	0	0	0	31	1624	TRUE	102191	0.00515135179677753	0.935612912472408	5790	90	7404	25600000	108
20221019 013505	binary	custom	TRUE	TRUE	FALSE	-100	-1	0	0	0	31	105	TRUE	102191	0.103510559377154	0.946929873507881	1048	601	9689	26310000	109
20221019 013555	binary	custom	TRUE	TRUE	FALSE	-100	-1	0	0	0	31	229	TRUE	102191	0.0405121083863379	0.318606683746485	2185	1024	8458	27410000	110
20221019 013629	binary	custom	TRUE	TRUE	FALSE	-100	-1	0	0	0	31	118	TRUE	102191	0.0738349766447063	0.496016545150044	2748	619	8692	26780000	111
20221019 013814	binary	custom	TRUE	TRUE	FALSE	-100	-1	0	0	0	31	243	TRUE	102191	0.030128582356466	0.999103309933104	354	996	8925	26550000	112
20221019 013906	binary	custom	TRUE	TRUE	FALSE	-100	-1	0	0	0	31	224	TRUE	102191	0.0396578208912432	0.75321627052724	1478	1024	8768	27030000	113
20221019 014000	binary	custom	TRUE	TRUE	FALSE	-100	-1	0	0	0	31	142	TRUE	102191	0.030386657769074	0.477165351162483	1048	100	7979	26930000	114
20221019 014107	binary	custom	TRUE	TRUE	FALSE	-100	-1	0	0	0	31	279	TRUE	102191	0.0284248900674479	0.30239830505308	1454	1024	8809	27190000	115
20221019 014154	binary	custom	TRUE	TRUE	FALSE	-100	-1	0	0	0	31	183	TRUE	102191	0.0479196590566134	0.320623064417116	1461	1024	8556	27370000	116
20221019 014249	binary	custom	TRUE	TRUE	FALSE	-100	-1	0	0	0	31	227	TRUE	102191	0.0295648006881707	0.288332508457067	304	59	9224	27080000	117
20221019 014355	binary	custom	TRUE	TRUE	FALSE	-100	-1	0	0	0	31	415	TRUE	102191	0.0419019674226198	0.680933946348183	2522	713	8126	26790000	118
20221019 014419	binary	custom	TRUE	TRUE	FALSE	-100	-1	0	0	0	31	110	TRUE	102191	0.0961549357673777	0.860597437984876	2594	443	8232	27060000	119
20221019 014459	binary	custom	TRUE	TRUE	FALSE	-100	-1	0	0	0	31	244	TRUE	102191	0.051178646057262	0.776397231429715	5804	1023	8704	25960000	120
