Feature	Gain	Cover	Frequency
ctrx_quarter	0.155415140928841	0.0480930970782901	0.0464647627821281
mpasivos_margen	0.0692447119430847	0.0216543366442484	0.0263127590971902
mcaja_ahorro	0.0483469910433087	0.0194721546517249	0.0255066789497927
mcuentas_saldo	0.0407596387468169	0.0218618434391272	0.0222823583602027
mpayroll	0.0302499660129213	0.0294054242810528	0.0128397052049747
cpayroll_trx	0.0302011570063876	0.0200251191000283	0.00523952095808383
cprestamos_personales	0.0297222350144438	0.00911240117265084	0.00535467526485491
ccomisiones_otras	0.0270718124965501	0.00996676069027619	0.0115154306771073
ctarjeta_visa_transacciones	0.0264914095405069	0.017829861710524	0.0271764163979733
mrentabilidad	0.0189919837438263	0.0145817183827992	0.0192307692307692
mtarjeta_visa_consumo	0.018576447104206	0.0130579502958035	0.0199792722247812
Visa_msaldototal	0.0184659811395401	0.0110028189178061	0.0171004145555044
mrentabilidad_annual	0.0176777323840087	0.0205251559919514	0.0232035928143713
Master_fechaalta	0.0169093228571543	0.0253043936855366	0.0325886688162137
Visa_Fvencimiento	0.016304159060128	0.0206721152010246	0.0289037309995394
mtransferencias_recibidas	0.0159172030277731	0.0104048022257732	0.0158912943344081
mactivos_margen	0.0158548339953512	0.015347753401482	0.0206126209120221
mprestamos_personales	0.0148734856837336	0.028269385951976	0.00834868724090281
mcuenta_corriente	0.014714951683885	0.0188004520303568	0.0223399355135882
mautoservicio	0.014139766025482	0.0129455382508849	0.0173307231690465
Visa_fechaalta	0.0134340314275099	0.0139298509183382	0.0198065407646246
Master_Fvencimiento	0.0128530478038663	0.0177915727237511	0.0214187010594196
Visa_mpagospesos	0.0120635783079328	0.0137741806063285	0.0211883924458775
chomebanking_transacciones	0.0120208610082606	0.0172360484491332	0.0199792722247812
cliente_antiguedad	0.0113441547185474	0.0163124582190097	0.0213611239060341
Visa_mpagominimo	0.0106794918697804	0.0103385334980952	0.0170428374021188
cliente_edad	0.0105593906277573	0.0233057743201658	0.0174458774758176
mcomisiones_otras	0.010323126335595	0.013822922217219	0.0185398433901428
numero_de_cliente	0.0102880307090702	0.0136377649441655	0.019633809304468
Visa_mconsumospesos	0.0102879702779065	0.0122997835957105	0.0240672501151543
Visa_status	0.0101824424629631	0.0115274504251254	0.00224550898203593
cproductos	0.00995106715812284	0.0152533335784052	0.0116881621372639
mcomisiones_mantenimiento	0.00938311679629525	0.00806162744084291	0.00852141870105942
cdescubierto_preacordado	0.00905141320959701	0.0102069367439396	0.00282128051589129
Master_mfinanciacion_limite	0.00863149275490922	0.0126111801722176	0.0197489636112391
Visa_msaldopesos	0.00861480837962102	0.00718760062377372	0.0137033625057577
cextraccion_autoservicio	0.00799167786187644	0.00409066889419116	0.00593044679871027
mcomisiones	0.00733787649316174	0.00780638268282254	0.0150276370336251
mcuenta_debitos_automaticos	0.00729640550057636	0.0122781754443478	0.00944265315522801
Master_status	0.00676945303273025	0.00560661412399346	0.0010939659143252
mpagomiscuentas	0.00667737377145063	0.014364143637156	0.0120912022109627
mttarjeta_visa_debitos_automaticos	0.00650831571071324	0.0119821448197888	0.0141064025794565
Visa_mfinanciacion_limite	0.00624962456059297	0.00963924630026677	0.0140488254260709
mcaja_ahorro_dolares	0.0060027376460259	0.00850108527368605	0.0128972823583602
Visa_mlimitecompra	0.00568311405275606	0.00868909262658431	0.0105366190695532
Visa_cconsumos	0.00565262171193869	0.00828305941111035	0.0128397052049747
Master_mlimitecompra	0.00549218121547361	0.00766594893263303	0.0120912022109627
ccomisiones_mantenimiento	0.005396078703768	0.0159434515623038	0.00604560110548135
Visa_mconsumototal	0.00514028571032488	0.00468362538311324	0.011054813450023
Master_msaldototal	0.00508408906674397	0.00883772691325956	0.0103063104560111
tcallcenter	0.00457726457361292	0.00388680250804648	0.00259097190234915
ctransferencias_recibidas	0.00435254199048628	0.0155823726737058	0.0075426070935053
Master_msaldopesos	0.00417116140470953	0.00615943169701647	0.00702441271303547
mtarjeta_master_consumo	0.0040596519898785	0.00755855862348991	0.00483648088438508
ccallcenter_transacciones	0.00391121494494314	0.00848376448169719	0.00316674343620451
ctarjeta_visa	0.0038720728222492	0.0027043725725647	0.00166973744818056
ctarjeta_debito_transacciones	0.00370483251690182	0.0104908606489619	0.0168701059419622
mtransferencias_emitidas	0.0036961012987021	0.00918736701514331	0.00967296176877015
Master_mpagospesos	0.00312854828985013	0.0149041830607893	0.00673652694610779
ctarjeta_visa_debitos_automaticos	0.00311471872547793	0.00774604491884601	0.0081759557807462
ccaja_ahorro	0.00308203564237936	0.0118773143369602	0.0029940119760479
Visa_mpagado	0.00301768473956539	0.0045581239530918	0.00483648088438508
mextraccion_autoservicio	0.00267658175099964	0.00597733082860623	0.00823353293413174
cmobile_app_trx	0.00266669245572638	0.00344409243685292	0.00426070935052971
Master_mconsumototal	0.00265672353856076	0.00604374293453404	0.00662137263933671
thomebanking	0.00263399146777253	0.00289022225765414	0.00218793182865039
ctransferencias_emitidas	0.00259115182577809	0.00535413901411668	0.00546982957162598
ccajas_transacciones	0.00256807490125453	0.00442149846909972	0.00195762321510825
ccaja_seguridad	0.00253677894380318	0.00711892244209207	0.0017273146015661
Master_mconsumospesos	0.00247850133814506	0.0069944526360635	0.00621833256563796
ccuenta_debitos_automaticos	0.00240232396823116	0.00427247950907119	0.00736987563334869
Visa_mconsumosdolares	0.00217623580053148	0.00409348400373104	0.00489405803777061
ctarjeta_master_transacciones	0.00198061879872122	0.00212573992050641	0.00213035467526485
Visa_fultimo_cierre	0.00189576737653116	0.0024544887622768	0.00322432058959005
Master_cconsumos	0.0018761554453609	0.00443887171654584	0.00420313219714417
Master_mpagominimo	0.00185854007945751	0.00413216815494864	0.00431828650391525
matm	0.00183197661463164	0.00237480542566098	0.00368493781667434
cpagomiscuentas	0.00171118139572482	0.00265034345158189	0.00489405803777061
internet	0.00165641384328573	0.0030935780773481	0.00149700598802395
ctarjeta_debito	0.0016482614397675	0.0023879402721601	0.00333947489636112
ccajas_otras	0.00160335812008319	0.00583655786645974	0.000978811607554123
ccajas_consultas	0.00159880333732868	0.0113541620735357	0.00161216029479503
tmobile_app	0.00155409093347919	0.0113720948458593	0.00149700598802395
Master_fultimo_cierre	0.00147861885774432	0.00254609347581369	0.00270612620912022
matm_other	0.00105329134293849	0.00446293478330848	0.00247581759557807
Master_mconsumosdolares	0.000985455183907564	0.000815962122907466	0.00184246890833717
mplazo_fijo_dolares	0.000936444595228587	0.00720226716962498	0.00178489175495164
ctarjeta_master	0.000795392735331752	0.000609319094558239	0.000575771533855366
cplazo_fijo	0.000730899840630756	0.00459965468712364	0.0010939659143252
active_quarter	0.00072181911242313	0.00143119819304518	0.000863657300783049
Visa_mpagosdolares	0.000703814836204366	0.00242352605436859	0.00207277752187932
catm_trx	0.00069118249706804	0.00142890414104747	0.00259097190234915
ctarjeta_master_debitos_automaticos	0.000501754980821448	0.000706081928059502	0.00103638876093966
Visa_madelantopesos	0.000499584516637583	6.00265282634323e-05	0.000230308613542146
mprestamos_prendarios	0.000414092249809901	0.00660541848577384	0.000690925840626439
Visa_msaldodolares	0.000373212991145111	0.000932346794456274	0.000806080147397513
mttarjeta_master_debitos_automaticos	0.000339991676003084	0.00137218230659172	0.000863657300783049
Visa_Finiciomora	0.000325345099378009	0.00451406486601979	0.000633348687240903
Master_mpagosdolares	0.000313214390961294	0.000263676098518077	0.000460617227084293
catm_trx_other	0.000302544398725593	0.00107823591220133	0.000921234454168586
Visa_delinquency	0.000285590940418004	0.000999951387779237	0.000690925840626439
Master_mpagado	0.000284850685441037	0.00146133560175909	0.000690925840626439
cseguro_vivienda	0.000272176396217029	0.000893438833287678	0.000690925840626439
Master_msaldodolares	0.000235741225918461	0.000381498049595942	0.000403040073698756
cseguro_accidentes_personales	0.000213420711671515	0.000620845307034573	0.000403040073698756
mtarjeta_master_descuentos	0.000165196345464871	0.00272663117159743	0.000403040073698756
mcheques_emitidos	0.000140372899566926	0.00271184922374019	0.000287885766927683
mtarjeta_visa_descuentos	0.000132751703979295	0.00170691456752079	0.000403040073698756
Master_madelantopesos	0.000117532888278639	8.68977105049827e-05	0.000403040073698756
Visa_madelantodolares	0.000113508006714834	6.25723664560206e-05	0.00017273146015661
ccheques_depositados	9.52043241564021e-05	0.00063787234846275	0.00017273146015661
ccajas_extracciones	9.170580789361e-05	0.000883038664627297	0.000230308613542146
minversion2	7.42129612174983e-05	0.00106591237677457	0.00017273146015661
cseguro_vida	6.94219974620564e-05	0.000225894181165434	0.000230308613542146
tcuentas	6.61865824353363e-05	0.000921649378204725	0.00017273146015661
mforex_sell	6.24784631759815e-05	0.000468493676954486	0.000287885766927683
cprestamos_prendarios	5.41589048596227e-05	0.000872023018601674	0.000115154306771073
ccheques_emitidos	5.12530016092958e-05	0.00112843578480381	0.000115154306771073
Visa_cadelantosefectivo	4.70716200775316e-05	2.00764520105077e-05	0.000115154306771073
ccajas_depositos	2.79326219495966e-05	0.000223138521143786	5.75771533855366e-05
mcaja_ahorro_adicional	1.88585308296149e-05	0.000283556716821463	5.75771533855366e-05
cforex	1.23457383848014e-05	0.000198372551253799	0.00017273146015661
Master_madelantodolares	9.88725136465117e-06	4.9014379268294e-05	0.000230308613542146
ccajeros_propios_descuentos	8.98613071331389e-06	0.000112779233119469	0.000115154306771073
ctarjeta_master_descuentos	8.16572087921655e-06	0.000130865874784396	5.75771533855366e-05
cforex_sell	3.66155946084123e-06	8.41875118796311e-05	5.75771533855366e-05
Master_delinquency	1.82703715325219e-06	1.90832953529595e-05	5.75771533855366e-05
