fecha	objective	metric	first_metric_only	boost_from_average	feature_pre_filter	lambda_l1	lambda_l2	verbosity	max_depth	min_gain_to_split	max_bin	num_iterations	force_row_wise	seed	learning_rate	feature_fraction	min_data_in_leaf	num_leaves	envios	ganancia	iteracion
20221019 044038	binary	custom	TRUE	TRUE	FALSE	0	0	-100	-1	0	31	59	TRUE	671017	0.22676499050745	0.719052673857659	4828	376	10668	24270000	1
20221019 044055	binary	custom	TRUE	TRUE	FALSE	0	0	-100	-1	0	31	66	TRUE	671017	0.182384336770279	0.5891532068979	5389	598	12259	23490000	2
20221019 044116	binary	custom	TRUE	TRUE	FALSE	0	0	-100	-1	0	31	61	TRUE	671017	0.099840129252465	0.723285818127915	3139	255	10206	25110000	3
20221019 044220	binary	custom	TRUE	TRUE	FALSE	0	0	-100	-1	0	31	64	TRUE	671017	0.123532827648276	0.669307016413659	137	531	8982	25400000	4
20221019 044247	binary	custom	TRUE	TRUE	FALSE	0	0	-100	-1	0	31	110	TRUE	671017	0.0698922060873592	0.890453731175512	5764	500	7309	25950000	5
20221019 044316	binary	custom	TRUE	TRUE	FALSE	0	0	-100	-1	0	31	114	TRUE	671017	0.270234798372374	0.334294350966811	1145	796	11118	24090000	6
20221019 044341	binary	custom	TRUE	TRUE	FALSE	0	0	-100	-1	0	31	104	TRUE	671017	0.117964977533498	0.427896328726783	4772	860	5193	23700000	7
20221019 044359	binary	custom	TRUE	TRUE	FALSE	0	0	-100	-1	0	31	70	TRUE	671017	0.293558102366514	0.761193333761767	1702	693	14226	21310000	8
20221019 044414	binary	custom	TRUE	TRUE	FALSE	0	0	-100	-1	0	31	31	TRUE	671017	0.179595653725031	0.945435672607273	1265	136	5830	24340000	9
20221019 044433	binary	custom	TRUE	TRUE	FALSE	0	0	-100	-1	0	31	62	TRUE	671017	0.219776174139464	0.379697397015989	6518	653	7923	25440000	10
20221019 044520	binary	custom	TRUE	TRUE	FALSE	0	0	-100	-1	0	31	189	TRUE	671017	0.0376765375988325	0.461790258930996	3884	281	13178	24450000	11
20221019 044533	binary	custom	TRUE	TRUE	FALSE	0	0	-100	-1	0	31	42	TRUE	671017	0.276901581451995	0.219542958540842	6373	910	13830	22900000	12
20221019 044547	binary	custom	TRUE	TRUE	FALSE	0	0	-100	-1	0	31	30	TRUE	671017	0.242085627961729	0.625515401521698	4304	94	9331	24460000	13
20221019 044653	binary	custom	TRUE	TRUE	FALSE	0	0	-100	-1	0	31	242	TRUE	671017	0.0302535722597968	0.252814573133364	2519	1010	9978	26210000	14
20221019 044717	binary	custom	TRUE	TRUE	FALSE	0	0	-100	-1	0	31	141	TRUE	671017	0.0888028502411325	0.842802674891427	7504	168	11979	24770000	15
20221019 044951	binary	custom	TRUE	TRUE	FALSE	0	0	-100	-1	0	31	1269	TRUE	671017	0.0116583858904778	0.99518835500814	7038	928	6134	25100000	16
20221019 045013	binary	custom	TRUE	TRUE	FALSE	0	0	-100	-1	0	31	39	TRUE	671017	0.15725580684474	0.50254293506965	673	348	14841	21280000	17
20221019 045055	binary	custom	TRUE	TRUE	FALSE	0	0	-100	-1	0	31	168	TRUE	671017	0.0565196822989383	0.54924321631901	2368	33	6765	25830000	18
20221019 045120	binary	custom	TRUE	TRUE	FALSE	0	0	-100	-1	0	31	139	TRUE	671017	0.13949900582165	0.28863959540613	7893	430	12831	24260000	19
20221019 045133	binary	custom	TRUE	TRUE	FALSE	0	0	-100	-1	0	31	37	TRUE	671017	0.198138930836285	0.836335877776146	3439	747	8419	25250000	20
20221019 050034	binary	custom	TRUE	TRUE	FALSE	0	0	-100	-1	0	31	2502	TRUE	671017	0.00503530733446462	0.287600020701853	2542	573	8424	26600000	21
20221019 050900	binary	custom	TRUE	TRUE	FALSE	0	0	-100	-1	0	31	3800	TRUE	671017	0.00510145978846726	0.26474763498942	6423	410	8644	25520000	22
20221019 051545	binary	custom	TRUE	TRUE	FALSE	0	0	-100	-1	0	31	1548	TRUE	671017	0.00500599244670086	0.624411331410824	1931	923	8025	26670000	23
20221019 052157	binary	custom	TRUE	TRUE	FALSE	0	0	-100	-1	0	31	1237	TRUE	671017	0.00513430910533508	0.201539700408196	1212	855	7971	26940000	24
20221019 053803	binary	custom	TRUE	TRUE	FALSE	0	0	-100	-1	0	31	2419	TRUE	671017	0.00520994357514107	0.281806149279581	16	1013	8073	25620000	25
20221019 053920	binary	custom	TRUE	TRUE	FALSE	0	0	-100	-1	0	31	370	TRUE	671017	0.0278588591813809	0.200695282099492	1688	741	7716	26730000	26
20221019 054302	binary	custom	TRUE	TRUE	FALSE	0	0	-100	-1	0	31	1147	TRUE	671017	0.00739636433565756	0.219278159644641	1479	809	8900	26680000	27
20221019 054915	binary	custom	TRUE	TRUE	FALSE	0	0	-100	-1	0	31	1226	TRUE	671017	0.0052652360062508	0.21584816478349	1192	219	7926	27110000	28
20221019 055409	binary	custom	TRUE	TRUE	FALSE	0	0	-100	-1	0	31	1162	TRUE	671017	0.00505657947228782	0.741811236225335	1230	319	7944	26920000	29
20221019 055856	binary	custom	TRUE	TRUE	FALSE	0	0	-100	-1	0	31	1321	TRUE	671017	0.00500947433378584	0.205809744328785	1202	392	7923	27040000	30
20221019 060404	binary	custom	TRUE	TRUE	FALSE	0	0	-100	-1	0	31	1585	TRUE	671017	0.00516106494449861	0.442880749395924	1220	26	7986	27070000	31
20221019 060431	binary	custom	TRUE	TRUE	FALSE	0	0	-100	-1	0	31	112	TRUE	671017	0.119966729180814	0.999841845722694	7991	154	7879	25530000	32
20221019 060840	binary	custom	TRUE	TRUE	FALSE	0	0	-100	-1	0	31	1284	TRUE	671017	0.00523600771992823	0.201332343359561	1287	46	7962	26880000	33
20221019 061552	binary	custom	TRUE	TRUE	FALSE	0	0	-100	-1	0	31	1154	TRUE	671017	0.00501751804739457	0.438944335629057	1104	216	7909	27150000	34
20221019 062104	binary	custom	TRUE	TRUE	FALSE	0	0	-100	-1	0	31	1826	TRUE	671017	0.00554895636277519	0.271095043717561	4001	1023	7964	26080000	35
20221019 062536	binary	custom	TRUE	TRUE	FALSE	0	0	-100	-1	0	31	935	TRUE	671017	0.00510816470314098	0.372254887411375	1247	223	8081	27040000	36
20221019 062938	binary	custom	TRUE	TRUE	FALSE	0	0	-100	-1	0	31	1601	TRUE	671017	0.00506172797084098	0.602268972936203	808	16	7839	26970000	37
20221019 063504	binary	custom	TRUE	TRUE	FALSE	0	0	-100	-1	0	31	1155	TRUE	671017	0.00511971855093499	0.493779498961606	1270	174	7867	26990000	38
20221019 063930	binary	custom	TRUE	TRUE	FALSE	0	0	-100	-1	0	31	1009	TRUE	671017	0.00535457792832565	0.265344937636787	969	216	7891	27100000	39
20221019 064404	binary	custom	TRUE	TRUE	FALSE	0	0	-100	-1	0	31	1186	TRUE	671017	0.00521299000918552	0.230163912404195	1105	271	7568	26950000	40
20221019 064911	binary	custom	TRUE	TRUE	FALSE	0	0	-100	-1	0	31	1188	TRUE	671017	0.00510158479809113	0.999999724417684	1108	800	8041	26800000	41
20221019 065237	binary	custom	TRUE	TRUE	FALSE	0	0	-100	-1	0	31	1389	TRUE	671017	0.00523845925750578	0.979223497908273	7999	1020	9625	25470000	42
20221019 065511	binary	custom	TRUE	TRUE	FALSE	0	0	-100	-1	0	31	994	TRUE	671017	0.00551295101782131	0.957204759073003	876	16	8041	26720000	43
20221019 070136	binary	custom	TRUE	TRUE	FALSE	0	0	-100	-1	0	31	2556	TRUE	671017	0.00504595542278763	0.992235340633294	2797	811	8006	26390000	44
20221019 070229	binary	custom	TRUE	TRUE	FALSE	0	0	-100	-1	0	31	244	TRUE	671017	0.0536549965280427	0.200482477864558	965	247	7997	26970000	45
20221019 070853	binary	custom	TRUE	TRUE	FALSE	0	0	-100	-1	0	31	3087	TRUE	671017	0.00557015462676065	0.20140842146715	7989	492	7009	25830000	46
20221019 071141	binary	custom	TRUE	TRUE	FALSE	0	0	-100	-1	0	31	945	TRUE	671017	0.0132240325078	0.38584872106187	6275	16	6855	25970000	47
20221019 071509	binary	custom	TRUE	TRUE	FALSE	0	0	-100	-1	0	31	658	TRUE	671017	0.00584583084739365	0.679831626625776	1107	125	8606	26790000	48
20221019 072006	binary	custom	TRUE	TRUE	FALSE	0	0	-100	-1	0	31	1207	TRUE	671017	0.00515471052197869	0.998807714813275	1191	1020	9815	26210000	49
20221019 072517	binary	custom	TRUE	TRUE	FALSE	0	0	-100	-1	0	31	1505	TRUE	671017	0.00561084878301296	0.200027204439144	961	228	9889	26630000	50
20221019 072538	binary	custom	TRUE	TRUE	FALSE	0	0	-100	-1	0	31	102	TRUE	671017	0.299219524047921	0.489174440116579	7995	16	5063	23720000	51
20221019 073312	binary	custom	TRUE	TRUE	FALSE	0	0	-100	-1	0	31	1199	TRUE	671017	0.00518142388284634	0.444112009135331	991	216	8003	27280000	52
20221019 073815	binary	custom	TRUE	TRUE	FALSE	0	0	-100	-1	0	31	927	TRUE	671017	0.00504785667186084	0.454053525668988	758	106	8220	27240000	53
20221019 074344	binary	custom	TRUE	TRUE	FALSE	0	0	-100	-1	0	31	2475	TRUE	671017	0.0052571712918109	0.61699246277718	7964	1008	7722	25600000	54
20221019 074950	binary	custom	TRUE	TRUE	FALSE	0	0	-100	-1	0	31	2400	TRUE	671017	0.00570077207790804	0.200027006192129	2508	1012	7011	26540000	55
20221019 075430	binary	custom	TRUE	TRUE	FALSE	0	0	-100	-1	0	31	1167	TRUE	671017	0.00523307153520029	0.200702863595413	856	225	5937	26130000	56
20221019 075923	binary	custom	TRUE	TRUE	FALSE	0	0	-100	-1	0	31	2247	TRUE	671017	0.00516247926154294	0.972747300353877	5533	16	8113	26020000	57
20221019 080344	binary	custom	TRUE	TRUE	FALSE	0	0	-100	-1	0	31	652	TRUE	671017	0.00523029506538759	0.463374728538143	860	236	8172	27180000	58
20221019 080849	binary	custom	TRUE	TRUE	FALSE	0	0	-100	-1	0	31	787	TRUE	671017	0.00604716642019456	0.872324619967965	1015	1012	7058	27730000	59
20221019 081309	binary	custom	TRUE	TRUE	FALSE	0	0	-100	-1	0	31	822	TRUE	671017	0.0052228257652146	0.820877629085102	1001	1020	6684	26960000	60
20221019 081810	binary	custom	TRUE	TRUE	FALSE	0	0	-100	-1	0	31	1045	TRUE	671017	0.00520751361878971	0.905604951076153	875	840	7115	26810000	61
20221019 082211	binary	custom	TRUE	TRUE	FALSE	0	0	-100	-1	0	31	773	TRUE	671017	0.0050080081493503	0.90597024017447	1183	1024	7280	26960000	62
20221019 082234	binary	custom	TRUE	TRUE	FALSE	0	0	-100	-1	0	31	27	TRUE	671017	0.180615709252986	0.801053198034807	817	1024	6993	25220000	63
20221019 082859	binary	custom	TRUE	TRUE	FALSE	0	0	-100	-1	0	31	2097	TRUE	671017	0.00500323824986783	0.208016407847864	1144	643	9558	26570000	64
20221019 083250	binary	custom	TRUE	TRUE	FALSE	0	0	-100	-1	0	31	772	TRUE	671017	0.00531640669751174	0.858808570934818	1220	1024	6989	27230000	65
20221019 083518	binary	custom	TRUE	TRUE	FALSE	0	0	-100	-1	0	31	380	TRUE	671017	0.00950863504137499	0.868886612682172	880	823	8141	2.7e+07	66
20221019 083733	binary	custom	TRUE	TRUE	FALSE	0	0	-100	-1	0	31	115	TRUE	671017	0.0179382703992586	0.878668740749155	201	1018	7074	26900000	67
20221019 084002	binary	custom	TRUE	TRUE	FALSE	0	0	-100	-1	0	31	551	TRUE	671017	0.0104985057571054	0.672747351619671	982	369	7126	27270000	68
20221019 084046	binary	custom	TRUE	TRUE	FALSE	0	0	-100	-1	0	31	106	TRUE	671017	0.0477618190057331	0.490876197268069	1003	969	7201	26800000	69
20221019 084113	binary	custom	TRUE	TRUE	FALSE	0	0	-100	-1	0	31	129	TRUE	671017	0.149629051175733	0.262297584196978	2396	951	7880	25760000	70
20221019 084539	binary	custom	TRUE	TRUE	FALSE	0	0	-100	-1	0	31	903	TRUE	671017	0.00832125626514901	0.525867772419808	763	973	9051	27020000	71
20221019 084825	binary	custom	TRUE	TRUE	FALSE	0	0	-100	-1	0	31	736	TRUE	671017	0.0126120248257358	0.467611502506601	2034	313	9342	26120000	72
20221019 085222	binary	custom	TRUE	TRUE	FALSE	0	0	-100	-1	0	31	756	TRUE	671017	0.00500371456978441	0.562664080940772	325	62	6998	27050000	73
20221019 085633	binary	custom	TRUE	TRUE	FALSE	0	0	-100	-1	0	31	1119	TRUE	671017	0.00517781144030653	0.702219818203768	1626	301	6951	27060000	74
20221019 085927	binary	custom	TRUE	TRUE	FALSE	0	0	-100	-1	0	31	377	TRUE	671017	0.00585962234570316	0.648666836442554	93	114	5003	25440000	75
20221019 090425	binary	custom	TRUE	TRUE	FALSE	0	0	-100	-1	0	31	1843	TRUE	671017	0.0052694982317312	0.200250715874366	3167	897	7385	26110000	76
20221019 090947	binary	custom	TRUE	TRUE	FALSE	0	0	-100	-1	0	31	1839	TRUE	671017	0.00517675542860747	0.203811494753626	1934	751	5638	25370000	77
20221019 092026	binary	custom	TRUE	TRUE	FALSE	0	0	-100	-1	0	31	4588	TRUE	671017	0.00505436134411351	0.38282856543918	7318	26	8018	26050000	78
20221019 092556	binary	custom	TRUE	TRUE	FALSE	0	0	-100	-1	0	31	677	TRUE	671017	0.00533371329951848	0.526588656873234	496	259	8320	26880000	79
20221019 092945	binary	custom	TRUE	TRUE	FALSE	0	0	-100	-1	0	31	1253	TRUE	671017	0.00518812417272854	0.993108215873543	3742	183	6928	26310000	80
20221019 093307	binary	custom	TRUE	TRUE	FALSE	0	0	-100	-1	0	31	1343	TRUE	671017	0.00887334037370404	0.992688185383553	3216	313	5077	24090000	81
20221019 093329	binary	custom	TRUE	TRUE	FALSE	0	0	-100	-1	0	31	74	TRUE	671017	0.299042503326598	0.253473213690027	5774	16	7525	24390000	82
20221019 093348	binary	custom	TRUE	TRUE	FALSE	0	0	-100	-1	0	31	94	TRUE	671017	0.176276422850601	0.203225741237773	7518	629	8867	25070000	83
20221019 093409	binary	custom	TRUE	TRUE	FALSE	0	0	-100	-1	0	31	93	TRUE	671017	0.0805270215262949	0.997456803800049	6737	17	7699	25330000	84
20221019 093825	binary	custom	TRUE	TRUE	FALSE	0	0	-100	-1	0	31	1474	TRUE	671017	0.0050470029677756	0.742260884514264	3669	978	9251	25340000	85
20221019 094245	binary	custom	TRUE	TRUE	FALSE	0	0	-100	-1	0	31	1651	TRUE	671017	0.00512308396731743	0.998790057430101	4386	284	7514	26100000	86
20221019 094515	binary	custom	TRUE	TRUE	FALSE	0	0	-100	-1	0	31	474	TRUE	671017	0.00959594698262242	0.899395827596794	1014	1024	8430	26500000	87
20221019 095012	binary	custom	TRUE	TRUE	FALSE	0	0	-100	-1	0	31	1092	TRUE	671017	0.00500177003595596	0.404778296371106	1566	190	7089	27030000	88
20221019 095526	binary	custom	TRUE	TRUE	FALSE	0	0	-100	-1	0	31	757	TRUE	671017	0.00505343659046558	0.557702847202606	675	391	6495	27010000	89
20221019 100113	binary	custom	TRUE	TRUE	FALSE	0	0	-100	-1	0	31	1303	TRUE	671017	0.00561905771150333	0.561502318878706	1515	988	7090	27100000	90
20221019 100610	binary	custom	TRUE	TRUE	FALSE	0	0	-100	-1	0	31	1391	TRUE	671017	0.0065796832378427	0.214490907897271	792	324	7030	26820000	91
20221019 100925	binary	custom	TRUE	TRUE	FALSE	0	0	-100	-1	0	31	507	TRUE	671017	0.00667838165691225	0.947944520929185	936	206	7055	26930000	92
20221019 101329	binary	custom	TRUE	TRUE	FALSE	0	0	-100	-1	0	31	1517	TRUE	671017	0.00588995476551826	0.570423993702692	9	16	9478	26330000	93
20221019 101440	binary	custom	TRUE	TRUE	FALSE	0	0	-100	-1	0	31	258	TRUE	671017	0.102999760829869	0.286760517190648	3	1017	9623	2.3e+07	94
20221019 101544	binary	custom	TRUE	TRUE	FALSE	0	0	-100	-1	0	31	184	TRUE	671017	0.0248507819522226	0.855984880817791	1017	267	7323	27120000	95
20221019 102125	binary	custom	TRUE	TRUE	FALSE	0	0	-100	-1	0	31	1470	TRUE	671017	0.00552096937215337	0.639269187767095	1012	988	7679	27210000	96
20221019 102341	binary	custom	TRUE	TRUE	FALSE	0	0	-100	-1	0	31	252	TRUE	671017	0.0124475088843254	0.955851037773389	167	232	7856	27010000	97
20221019 102438	binary	custom	TRUE	TRUE	FALSE	0	0	-100	-1	0	31	120	TRUE	671017	0.0378692035502705	0.536546248572937	658	432	8028	27070000	98
20221019 102541	binary	custom	TRUE	TRUE	FALSE	0	0	-100	-1	0	31	234	TRUE	671017	0.0314657802669164	0.516032401493825	735	62	9114	26900000	99
20221019 102651	binary	custom	TRUE	TRUE	FALSE	0	0	-100	-1	0	31	100	TRUE	671017	0.0243392972684553	0.683049489295494	133	277	6423	26040000	100
20221019 102737	binary	custom	TRUE	TRUE	FALSE	0	0	-100	-1	0	31	139	TRUE	671017	0.034702016968261	0.613118570420181	1492	416	7328	26710000	101
20221019 102959	binary	custom	TRUE	TRUE	FALSE	0	0	-100	-1	0	31	543	TRUE	671017	0.0080689431521246	0.945382739556355	2035	995	7013	26220000	102
20221019 103014	binary	custom	TRUE	TRUE	FALSE	0	0	-100	-1	0	31	26	TRUE	671017	0.11220094892836	0.811195596512513	269	62	7619	25730000	103
20221019 103307	binary	custom	TRUE	TRUE	FALSE	0	0	-100	-1	0	31	530	TRUE	671017	0.00576996275046077	0.923665718829506	194	80	8877	26890000	104
20221019 103429	binary	custom	TRUE	TRUE	FALSE	0	0	-100	-1	0	31	403	TRUE	671017	0.033764836926271	0.542615086121371	3576	23	7872	26340000	105
20221019 104117	binary	custom	TRUE	TRUE	FALSE	0	0	-100	-1	0	31	2493	TRUE	671017	0.00525078003608769	0.215686663775982	1672	670	10139	26290000	106
20221019 104811	binary	custom	TRUE	TRUE	FALSE	0	0	-100	-1	0	31	2330	TRUE	671017	0.00505093654224169	0.344504453330384	2318	430	7687	26710000	107
20221019 105309	binary	custom	TRUE	TRUE	FALSE	0	0	-100	-1	0	31	1073	TRUE	671017	0.00506480320078371	0.876184776242417	999	433	7317	27210000	108
20221019 105744	binary	custom	TRUE	TRUE	FALSE	0	0	-100	-1	0	31	685	TRUE	671017	0.00517869855176103	0.988510334111803	703	681	10012	26300000	109
20221019 110409	binary	custom	TRUE	TRUE	FALSE	0	0	-100	-1	0	31	862	TRUE	671017	0.00500572569716286	0.924780143654152	427	757	7081	27040000	110
20221019 110501	binary	custom	TRUE	TRUE	FALSE	0	0	-100	-1	0	31	241	TRUE	671017	0.032373443545779	0.217726480955238	2765	17	7690	26220000	111
20221019 110520	binary	custom	TRUE	TRUE	FALSE	0	0	-100	-1	0	31	72	TRUE	671017	0.0957814216095757	0.995567765449896	3882	652	7462	25960000	112
20221019 110617	binary	custom	TRUE	TRUE	FALSE	0	0	-100	-1	0	31	299	TRUE	671017	0.0404293283209822	0.347846217899888	4034	23	7001	2.6e+07	113
20221019 110649	binary	custom	TRUE	TRUE	FALSE	0	0	-100	-1	0	31	115	TRUE	671017	0.134144239653998	0.505338631848351	1637	129	8859	26050000	114
20221019 111201	binary	custom	TRUE	TRUE	FALSE	0	0	-100	-1	0	31	2023	TRUE	671017	0.00556727958269866	0.247338294932283	5348	1022	7967	25830000	115
20221019 111641	binary	custom	TRUE	TRUE	FALSE	0	0	-100	-1	0	31	936	TRUE	671017	0.00600587922841962	0.249045898400118	536	208	5635	26010000	116
20221019 111803	binary	custom	TRUE	TRUE	FALSE	0	0	-100	-1	0	31	569	TRUE	671017	0.0249619591573585	0.722934837644784	6145	823	5014	24300000	117
20221019 112334	binary	custom	TRUE	TRUE	FALSE	0	0	-100	-1	0	31	2053	TRUE	671017	0.00552980403999076	0.312677143923213	5054	65	7407	26230000	118
20221019 112915	binary	custom	TRUE	TRUE	FALSE	0	0	-100	-1	0	31	2038	TRUE	671017	0.00530648297219906	0.315758723139192	4737	46	8437	25850000	119
20221019 113146	binary	custom	TRUE	TRUE	FALSE	0	0	-100	-1	0	31	1246	TRUE	671017	0.0144986836366555	0.999646457802054	7183	672	8008	26070000	120
