Feature	Gain	Cover	Frequency
ctrx_quarter	0.170184394881158	0.0646392773042869	0.0461272999584285
mcaja_ahorro	0.0504522556365524	0.0222858047701825	0.0318961737119948
cpayroll_trx	0.0291347232123053	0.0226656294223614	0.00620155921663316
mtarjeta_visa_consumo	0.0289155034071867	0.0193844394746557	0.0247379001258535
mpasivos_margen	0.028786305058052	0.016166245506345	0.0266057710377504
mpayroll	0.0262459817399301	0.0387088765250627	0.00906600759676767
mprestamos_personales	0.0256677854669641	0.0134493581180858	0.00537582360009339
mcuentas_saldo	0.0196765787236702	0.0220279622088186	0.0214520418448642
mrentabilidad_annual	0.0110149682408832	0.00797859183845358	0.0094190807569433
mactivos_margen	0.00973557198659446	0.0102695545104339	0.0101878690895838
cdescubierto_preacordado	0.00940228014119679	0.00351961294057079	0.00122436660383483
Visa_status	0.00918056242247797	0.011275065304023	0.00297264821954317
ctarjeta_visa_transacciones	0.00916709322017587	0.0151604389543035	0.0183313306871829
Visa_msaldopesos	0.00863644440252502	0.00916829106144274	0.014766430715087
mtransferencias_recibidas	0.00767527607618016	0.00483595958702836	0.00537582360009339
Visa_fechaalta	0.00661563626874183	0.0121436022506499	0.0176081001816618
Master_Fvencimiento	0.00656946429643593	0.00606667559708743	0.00587126497001726
mcuenta_corriente	0.00655751477850576	0.00686824609274037	0.00569472838992944
Master_fechaalta	0.00649008467681144	0.0131793255124007	0.0166001332566443
Visa_mpagominimo	0.00618232380081099	0.00643650270003629	0.00818901942471854
cliente_edad	0.00606812052275053	0.0296578582576875	0.0197493180562753
Visa_Fvencimiento	0.00605355619075734	0.00429931900731348	0.00635531688316126
cprestamos_personales	0.00581789512012941	0.00275724756872635	0.0025911014174179
mcuenta_debitos_automaticos	0.00578333392933133	0.00780214337349462	0.00559791800730064
chomebanking_transacciones	0.00566305510362554	0.00723131642826551	0.00625281177214253
cproductos	0.00542294602063393	0.0254740683256894	0.0143564102710121
canarito96	0.00488157539565529	0.00550025990630446	0.00466398255135221
mrentabilidad	0.00487879608594864	0.00285501514995552	0.00410589916913913
canarito9	0.00487262072714607	0.00365755628145604	0.00444188814414497
canarito28	0.00479023140728352	0.00326695871329338	0.00478357184754073
canarito21	0.0045569944844459	0.00303170227714053	0.0044874459712644
canarito62	0.00454045055710199	0.00530071487587108	0.00588834915518704
canarito84	0.004539893270395	0.00367779974850083	0.00448175124287447
mcomisiones	0.00453825399384184	0.0059296851922196	0.00873571335015176
canarito93	0.00452406877272084	0.00339452824081699	0.00430521466278666
mtarjeta_master_consumo	0.00444373790612295	0.00944494911323094	0.00498858206957819
mautoservicio	0.00442094688060732	0.0141415739243384	0.0222151354491148
canarito37	0.00441610726408154	0.00225815118359606	0.00344531067590731
canarito82	0.00436950281782336	0.00459398121214986	0.00587126497001726
canarito56	0.00436379740829503	0.00401278901799307	0.00533596050136389
canarito33	0.00433181211696194	0.00528520582791345	0.00523345539034516
cliente_antiguedad	0.00432618399604453	0.0160484508527688	0.0146810097892381
ccomisiones_mantenimiento	0.00429128015575284	0.0116182821397292	0.00472662456364144
canarito7	0.00424490569309272	0.00223260804482346	0.0040033940581204
canarito22	0.00423121702879014	0.00917526079779067	0.0089748919425288
canarito17	0.00422385989083905	0.00283342820870522	0.00419132009498807
Visa_mpagospesos	0.00420245051779496	0.00575166315526302	0.00992591158364702
canarito90	0.00414500326632167	0.00216430953888925	0.00376421546574336
canarito73	0.00410625531207781	0.00184812376961379	0.00374713128057357
canarito67	0.00409979368241137	0.00245326840167767	0.00383255220642252
canarito3	0.00409629024607232	0.00479281425264093	0.00569472838992944
canarito69	0.00405835080430421	0.0052875222218156	0.00486899277338967
mcomisiones_otras	0.00404735397427609	0.00850905460647972	0.00920268107812598
canarito60	0.00404480193667169	0.00270494970925845	0.00363893144116491
canarito88	0.00404333680078789	0.00378488828867813	0.00407173079879955
canarito11	0.00403633370901492	0.00375887353507605	0.00444758287253489
canarito32	0.00403242594525559	0.00281841133021855	0.00388949949032181
ccallcenter_transacciones	0.00402426356484147	0.00897930483614429	0.00377560492252322
canarito48	0.00401858705056425	0.00400938151520578	0.00383824693481244
canarito26	0.00401585067833477	0.0054151619776976	0.00526762376068473
canarito1	0.00395747742820582	0.00804265608824327	0.00617308557468352
canarito20	0.0039404275860745	0.0020713129183321	0.00368448926828435
canarito12	0.00392436545029258	0.00268397655244118	0.00345100540429724
canarito47	0.00391881230750384	0.00336246357107314	0.00377560492252322
canarito85	0.00390838780479812	0.00322841533474802	0.00420270955176793
canarito2	0.00390636558180176	0.0022550091782612	0.00367879453989442
canarito72	0.00388430862009278	0.00374383667291017	0.003712962910234
canarito64	0.00387591830992428	0.0027329788177254	0.00384394166320237
canarito71	0.00386869126619291	0.00269329979523837	0.00384394166320237
canarito6	0.00386443194233529	0.00726468289196966	0.00393505731744125
canarito70	0.00386117502059178	0.00207447719119522	0.00350795268819654
canarito51	0.00385313605297796	0.00274593680629066	0.00378129965091315
canarito31	0.00382733192343633	0.00331104613541523	0.00389519421871174
canarito95	0.00381893282918544	0.00267525795868081	0.00343961594751738
tcallcenter	0.00381462737953905	0.00303458677849465	0.0020501022203746
canarito78	0.00380614831545422	0.00263060357103152	0.00362754198438505
Visa_msaldototal	0.00379017846365984	0.00588617158717235	0.0109452679654444
canarito94	0.00376750073845164	0.00177537689668632	0.00311501642929141
canarito14	0.00375161674564106	0.00419338723668159	0.00344531067590731
canarito43	0.00370774457042916	0.00242857199994152	0.00363893144116491
canarito59	0.00368866021260969	0.00256024731710043	0.00379838383608294
canarito49	0.00367228846241435	0.00425508427692769	0.00441341450219532
canarito18	0.00366287767531303	0.00235741639884183	0.00351364741658647
canarito13	0.00365996110882121	0.00388129755068294	0.00422548846532765
canarito10	0.00365719653068915	0.00226867287618389	0.00367309981150449
canarito65	0.00365358646848871	0.00446918484833902	0.00471523510686158
canarito39	0.00364943640446153	0.00230178126494503	0.0036560156263347
canarito98	0.00363987265927544	0.00195197952145637	0.00343392121912745
canarito55	0.00362300660999784	0.00252192661383776	0.00355351051531597
canarito87	0.00360226852810528	0.00326258228754529	0.00386102584837216
canarito16	0.00358094258966247	0.00331483675388118	0.00374143655218364
canarito41	0.00356011361385078	0.00311787989538727	0.00395783623100096
canarito30	0.00354942826489011	0.00534827603240276	0.00567194947636973
canarito23	0.00353771056361879	0.00254770042136473	0.00339975284878788
canarito4	0.00351987118400139	0.00199165112143398	0.00333141610810872
canarito86	0.00351078718350455	0.0024702967802179	0.00367879453989442
canarito58	0.00350594796534424	0.00228540835108305	0.00373574182379371
canarito53	0.00349781834070053	0.00551310027664349	0.00488607695855946
canarito34	0.00348337715434578	0.00285048285150956	0.00353073160175625
canarito50	0.0034760572318138	0.0029764439783375	0.00353073160175625
canarito25	0.00346467279642606	0.00262588570984999	0.00408881498396934
canarito68	0.00344762513404063	0.00247293576779881	0.00343961594751738
canarito77	0.00343439163359737	0.00375090804054096	0.00370726818184407
canarito99	0.00342808532071979	0.00251058102270401	0.00398061514456068
numero_de_cliente	0.00340087303812513	0.00532016242152084	0.00819471415310847
canarito42	0.00339746002782679	0.00198013995124388	0.00335988975005837
canarito8	0.00339703228404198	0.00242676947207633	0.00338836339200802
canarito76	0.00337916870235225	0.00375746440021027	0.00374713128057357
canarito52	0.00335487398953475	0.00185310027670059	0.00322321626870006
canarito54	0.00333964952614242	0.00203765526387368	0.00351364741658647
canarito80	0.00332329725060824	0.00386149029880731	0.00345670013268717
active_quarter	0.00330485317123503	0.000136497664434612	5.1252555509365e-05
canarito83	0.00330361819559251	0.00217263017195211	0.00313210061446119
canarito61	0.00328663555382966	0.00189928826898907	0.00334850029327851
canarito100	0.00325463902883306	0.00264185038569372	0.00355351051531597
canarito89	0.0032255916905795	0.00203785452970357	0.00360476307082534
canarito63	0.00321224198242132	0.00187934056039666	0.00316626898480077
canarito38	0.00318363799796123	0.00361190670658184	0.00373574182379371
canarito57	0.00316685747939011	0.0036039760407448	0.00416854118142835
canarito15	0.00316509385673917	0.00187124945416364	0.00343392121912745
canarito40	0.00312799146939698	0.00349063546378452	0.00412867808269885
canarito29	0.00312267942443077	0.00228958265618993	0.00322891099708999
canarito24	0.00311569791503251	0.00201779605443208	0.00321182681192021
canarito44	0.00311379481837494	0.00213438540667046	0.00340544757717781
canarito97	0.00308977389169572	0.0021902158096613	0.00350225795980661
Master_status	0.0030831253845158	0.00311101121935994	0.000643504308062027
canarito46	0.00308194677818608	0.00254502032450086	0.00330863719454901
canarito36	0.00307309275895062	0.00271375394735831	0.00338836339200802
canarito5	0.00306934716367434	0.00220070667028691	0.00312640588607126
Master_mfinanciacion_limite	0.0030406270518905	0.00562345529192905	0.0082402719802279
ctarjeta_visa	0.00303313124660336	0.0033235701926604	0.0015091030233313
Visa_mfinanciacion_limite	0.00296469222022329	0.00700030338365341	0.0077163569683544
canarito75	0.00295755860849176	0.0023719839300273	0.00325168991064971
canarito19	0.00294503033191137	0.0023578771653883	0.00349086850302675
canarito74	0.00293922376654648	0.00222016220940836	0.00330294246615908
canarito35	0.00290300703015811	0.00224755812072533	0.00334850029327851
canarito91	0.00289693787199699	0.00166977571320488	0.00287014310852444
ccaja_ahorro	0.0028840171219301	0.0151654308773714	0.00415145699625856
mcomisiones_mantenimiento	0.00288014321150144	0.00388076198807998	0.00256262777546825
canarito81	0.00285935126621072	0.00184595297108878	0.00302959550344246
canarito79	0.00283245461224755	0.0017591136075789	0.00297264821954317
canarito66	0.00280221354974346	0.00366792724000636	0.00303529023183239
canarito27	0.00279606188154766	0.00168359870959902	0.00298403767632303
canarito45	0.00274604088622825	0.00183399302455974	0.00302959550344246
canarito92	0.00271887380417498	0.00180222696807959	0.00281889055301507
Master_msaldopesos	0.00234552694533428	0.0047770859551742	0.00622433813019288
ccajas_consultas	0.00225949203683747	0.00568986733854537	0.00121297714705497
ccaja_seguridad	0.00222668204088087	0.00418682117065381	0.000985188011457794
ctarjeta_debito_transacciones	0.00209535012679842	0.0131221813252421	0.0244019111508477
mttarjeta_visa_debitos_automaticos	0.0019138008637564	0.00317702130854291	0.00319474262675042
Visa_mconsumospesos	0.00189280788642172	0.0027974347476277	0.00577445458738846
ccomisiones_otras	0.00175523725513656	0.00636016675832181	0.0106719210027278
mpagomiscuentas	0.00174081572386213	0.00387471778156084	0.00409450971235927
ctarjeta_master	0.00172084903334663	0.000318645474705691	0.00030751533305619
Visa_mlimitecompra	0.0017195943509928	0.00515389592660305	0.0039464467742211
thomebanking	0.00161124914710741	0.00161575697347544	0.000899767085608852
Visa_cconsumos	0.00153297569426519	0.00219409264342901	0.00463550890940257
mcaja_ahorro_dolares	0.00137506067946935	0.00133208008258467	0.00251706994834881
internet	0.00136465728832249	0.000984859659488326	0.000540999197043297
Master_mlimitecompra	0.00130801001462514	0.00327296295245409	0.00346808958946703
Master_msaldototal	0.00125881262266957	0.0036598943719242	0.00597946480942592
mtransferencias_emitidas	0.00120925731762886	0.00301367300175277	0.00357628942887569
ctransferencias_recibidas	0.00119544159179909	0.00669681010549079	0.0021469126030034
tmobile_app	0.00112046205662615	0.00569006089475262	0.000962409097898076
Master_mconsumospesos	0.00111833763773708	0.00753664249529328	0.00583709659967768
Master_mpagospesos	0.00109440126887172	0.00329166253753895	0.002824585281405
Visa_mconsumototal	0.00106772637663197	0.00102456323335267	0.00247151212122938
ctarjeta_master_transacciones	0.00105275745340777	0.000648032462470572	0.000882682900439064
Master_cconsumos	0.00103924188066894	0.00203917402349402	0.00255123831868839
mextraccion_autoservicio	0.000976261506750179	0.00178607901334935	0.00335988975005837
ccajas_otras	0.000958076233303882	0.00355294685942593	0.00060933593772245
Master_mpagominimo	0.000871064787030331	0.00190942684589823	0.0017027237885889
ctarjeta_visa_debitos_automaticos	0.00086916397010658	0.00249462833706781	0.00211274423266382
Visa_mpagado	0.000824266096385954	0.000845196580266059	0.00114464040637582
ccajas_transacciones	0.000803720220489218	0.00127669046246108	0.000797261974590122
Visa_fultimo_cierre	0.000652365041602577	0.000477994761803779	0.000592251752552662
cplazo_fijo	0.000621359666197054	0.00751673304117252	0.000700451591961321
Visa_mconsumosdolares	0.000564587405148978	0.00172652936217546	0.00183939726994721
ctarjeta_debito	0.000558657390045334	0.00132805936632661	0.00124145078900462
cmobile_app_trx	0.000547058706389756	0.000518011222988407	0.000734619962300898
matm_other	0.000507923657168565	0.00118482092141165	0.00081434615975991
ctransferencias_emitidas	0.000505547826160638	0.00221067338755482	0.00176536580087813
matm	0.000505196990030002	0.000695116865512411	0.00120728241866504
mplazo_fijo_dolares	0.000491721212276694	0.0021038012420753	0.000654893764841886
cextraccion_autoservicio	0.00046776553372107	0.000941804537138493	0.00186217618350693
Master_mpagosdolares	0.000431250576374809	0.000315760973351573	0.000876988172049134
Master_mconsumototal	0.000407499519194929	0.00267294213574093	0.00193620765257601
ccuenta_debitos_automaticos	0.000402041951560761	0.00139355444754809	0.00284166946657479
Master_fultimo_cierre	0.000375108029968165	0.000457906596494605	0.00060933593772245
Visa_msaldodolares	0.000352340813701771	0.00190311257422856	0.000842819801709558
mprestamos_prendarios	0.000315593345977296	0.00526389466143632	0.000427104629244708
Master_mconsumosdolares	0.000311051089817446	0.000357851169476453	0.00060933593772245
cpagomiscuentas	0.00029079471567518	0.00130157813655543	0.00251137521995888
mcheques_depositados	0.000257299218876554	0.0034728077380757	0.000523915011873509
Visa_mpagosdolares	0.000216803102311399	0.000878589308234312	0.000785872517810263
ccajas_depositos	0.000216414061228573	0.000795337871586916	0.00030751533305619
catm_trx	0.000191922498877568	0.000334819122737779	0.000523915011873509
mtarjeta_master_descuentos	0.000165823644207866	0.00139277451309644	0.000353073160175625
mttarjeta_master_debitos_automaticos	0.000137599106881877	0.000683103248530621	0.00030751533305619
Visa_Finiciomora	0.000109885755899222	0.00073205926587151	0.000210704950427389
Master_mpagado	0.000103788444249409	0.000644576998853168	0.000358767888565555
ctarjeta_master_debitos_automaticos	0.000100739755375569	0.000295857799815703	0.000187926036867672
Visa_delinquency	8.59592771037099e-05	0.000647653914490014	0.000654893764841886
catm_trx_other	7.51762816055596e-05	0.000205122760783424	0.000256262777546825
Master_msaldodolares	6.54905800950996e-05	0.000182424726968772	0.000170841851697883
cinversion2	6.01485279926093e-05	0.00101079619126033	9.11156542388711e-05
mforex_sell	4.85432094227906e-05	0.000204701390633119	0.000130978752968377
Master_delinquency	4.4144320945736e-05	7.24436919656648e-05	7.97261974590122e-05
mtarjeta_visa_descuentos	4.40651025969928e-05	0.000288635698147405	0.000148062938138166
cseguro_accidentes_personales	2.95233499282349e-05	4.6656181344375e-05	7.40314690690828e-05
mcaja_ahorro_adicional	2.91461101713411e-05	8.89547786953551e-05	3.41683703395767e-05
Master_madelantopesos	2.67000175807333e-05	6.99885542335372e-05	0.000227789135597178
mcheques_emitidos	2.61658248064353e-05	0.000310692541340387	6.83367406791533e-05
cseguro_vivienda	1.92925292764909e-05	4.06142586742878e-05	3.98630987295061e-05
tcuentas	1.84427532213902e-05	7.02974448179746e-05	1.70841851697883e-05
mcajeros_propios_descuentos	1.66360919998762e-05	0.000157090560384531	9.11156542388711e-05
ctarjeta_master_descuentos	1.54326321227469e-05	9.24896060673556e-05	3.98630987295061e-05
ccheques_emitidos	1.47325361100069e-05	0.000187698134432477	2.27789135597178e-05
ccheques_depositados	1.44674715724054e-05	0.000318664316460379	6.26420122892239e-05
ccajas_extracciones	1.05865934272584e-05	2.99018646905252e-05	1.70841851697883e-05
ccajeros_propios_descuentos	1.02400601776636e-05	0.000108397185684753	3.98630987295061e-05
minversion2	9.85817243348978e-06	0.000103824919880363	6.26420122892239e-05
ctarjeta_visa_descuentos	8.26446778970037e-06	5.33381527116053e-05	2.27789135597178e-05
minversion1_pesos	4.56762126476635e-06	6.93473636118675e-05	5.1252555509365e-05
Visa_cadelantosefectivo	4.06491110187827e-06	4.21341602191538e-05	6.83367406791533e-05
cforex_sell	3.42575189864041e-06	1.52378408825635e-05	1.13894567798589e-05
cseguro_vida	2.13256949060295e-06	0.000587463072694456	0.000831430344929699
cforex	3.32131556774477e-07	5.89175959484312e-06	5.69472838992944e-06
Visa_madelantopesos	2.21520586760208e-07	0.000222071775569054	0.000279041691106543
Master_Finiciomora	7.51666172244186e-08	2.3752030152677e-06	5.69472838992944e-06
Visa_madelantodolares	3.6762808204178e-08	0.000144287302592617	0.000130978752968377
Master_cadelantosefectivo	5.96513233465469e-12	2.9147623540725e-05	5.1252555509365e-05
Master_madelantodolares	1.9225451609158e-12	1.69119022385166e-06	1.13894567798589e-05
