fecha	objective	metric	first_metric_only	boost_from_average	feature_pre_filter	lambda_l1	lambda_l2	verbosity	max_depth	min_gain_to_split	max_bin	num_iterations	force_row_wise	seed	learning_rate	feature_fraction	min_data_in_leaf	num_leaves	envios	ganancia	iteracion
20221019 032829	binary	custom	TRUE	TRUE	FALSE	0	0	-100	-1	0	31	22	TRUE	671017	0.22676499050745	0.719052673857659	4828	376	10668	23790000	1
20221019 032910	binary	custom	TRUE	TRUE	FALSE	0	0	-100	-1	0	31	27	TRUE	671017	0.182384336770279	0.5891532068979	5389	598	12259	23970000	2
20221019 032945	binary	custom	TRUE	TRUE	FALSE	0	0	-100	-1	0	31	61	TRUE	671017	0.099840129252465	0.723285818127915	3139	255	10206	24710000	3
20221019 033049	binary	custom	TRUE	TRUE	FALSE	0	0	-100	-1	0	31	60	TRUE	671017	0.123532827648276	0.669307016413659	137	531	8982	24600000	4
20221019 033124	binary	custom	TRUE	TRUE	FALSE	0	0	-100	-1	0	31	110	TRUE	671017	0.0698922060873592	0.890453731175512	5764	500	7309	23710000	5
20221019 033144	binary	custom	TRUE	TRUE	FALSE	0	0	-100	-1	0	31	21	TRUE	671017	0.270234798372374	0.334294350966811	1145	796	11118	21770000	6
20221019 033215	binary	custom	TRUE	TRUE	FALSE	0	0	-100	-1	0	31	66	TRUE	671017	0.117964977533498	0.427896328726783	4772	860	5193	23620000	7
20221019 033232	binary	custom	TRUE	TRUE	FALSE	0	0	-100	-1	0	31	8	TRUE	671017	0.293558102366514	0.761193333761767	1702	693	14226	20110000	8
20221019 033254	binary	custom	TRUE	TRUE	FALSE	0	0	-100	-1	0	31	20	TRUE	671017	0.179595653725031	0.945435672607273	1265	136	5830	24020000	9
20221019 033315	binary	custom	TRUE	TRUE	FALSE	0	0	-100	-1	0	31	34	TRUE	671017	0.219776174139464	0.379697397015989	6518	653	7923	23840000	10
20221019 033441	binary	custom	TRUE	TRUE	FALSE	0	0	-100	-1	0	31	239	TRUE	671017	0.0376765375988325	0.461790258930996	3884	281	13178	23730000	11
20221019 033456	binary	custom	TRUE	TRUE	FALSE	0	0	-100	-1	0	31	23	TRUE	671017	0.276901581451995	0.219542958540842	6373	910	13830	21220000	12
20221019 033513	binary	custom	TRUE	TRUE	FALSE	0	0	-100	-1	0	31	23	TRUE	671017	0.242085627961729	0.625515401521698	4304	94	9331	24140000	13
20221019 033618	binary	custom	TRUE	TRUE	FALSE	0	0	-100	-1	0	31	112	TRUE	671017	0.0302535722597968	0.252814573133364	2519	1010	9978	24770000	14
20221019 033646	binary	custom	TRUE	TRUE	FALSE	0	0	-100	-1	0	31	70	TRUE	671017	0.0888028502411325	0.842802674891427	7504	168	11979	23650000	15
20221019 033923	binary	custom	TRUE	TRUE	FALSE	0	0	-100	-1	0	31	626	TRUE	671017	0.0116583858904778	0.99518835500814	7038	928	6134	23740000	16
20221019 033958	binary	custom	TRUE	TRUE	FALSE	0	0	-100	-1	0	31	26	TRUE	671017	0.15725580684474	0.50254293506965	673	348	14841	19520000	17
20221019 034100	binary	custom	TRUE	TRUE	FALSE	0	0	-100	-1	0	31	116	TRUE	671017	0.0565196822989383	0.54924321631901	2368	33	6765	25190000	18
20221019 034132	binary	custom	TRUE	TRUE	FALSE	0	0	-100	-1	0	31	104	TRUE	671017	0.13949900582165	0.28863959540613	7893	430	12831	22660000	19
20221019 034151	binary	custom	TRUE	TRUE	FALSE	0	0	-100	-1	0	31	32	TRUE	671017	0.198138930836285	0.836335877776146	3439	747	8419	23890000	20
20221019 034825	binary	custom	TRUE	TRUE	FALSE	0	0	-100	-1	0	31	1089	TRUE	671017	0.0051027584020836	0.372520407155503	2359	45	8637	25050000	21
20221019 040152	binary	custom	TRUE	TRUE	FALSE	0	0	-100	-1	0	31	1485	TRUE	671017	0.00518071380162739	0.453642753686195	782	524	7070	26020000	22
20221019 041803	binary	custom	TRUE	TRUE	FALSE	0	0	-100	-1	0	31	2783	TRUE	671017	0.00559485300616176	0.206034587161573	0	563	6713	24900000	23
20221019 043029	binary	custom	TRUE	TRUE	FALSE	0	0	-100	-1	0	31	1561	TRUE	671017	0.00508974419087074	0.572709139791164	1512	667	7490	26060000	24
20221019 044303	binary	custom	TRUE	TRUE	FALSE	0	0	-100	-1	0	31	1374	TRUE	671017	0.00500240217831541	0.591622916812962	996	468	7287	26310000	25
20221019 044958	binary	custom	TRUE	TRUE	FALSE	0	0	-100	-1	0	31	489	TRUE	671017	0.00500154713299424	0.757016027055478	621	476	7059	25810000	26
20221019 045843	binary	custom	TRUE	TRUE	FALSE	0	0	-100	-1	0	31	1259	TRUE	671017	0.00533450317617234	0.569065878770186	1159	387	7687	26230000	27
20221019 050449	binary	custom	TRUE	TRUE	FALSE	0	0	-100	-1	0	31	779	TRUE	671017	0.00504974996274582	0.544186649249645	3937	573	9386	24830000	28
20221019 050550	binary	custom	TRUE	TRUE	FALSE	0	0	-100	-1	0	31	94	TRUE	671017	0.0430451516515408	0.58025224173856	1157	436	7293	25740000	29
20221019 051532	binary	custom	TRUE	TRUE	FALSE	0	0	-100	-1	0	31	1210	TRUE	671017	0.00501970126022194	0.593784505264932	549	154	7304	26040000	30
20221019 052328	binary	custom	TRUE	TRUE	FALSE	0	0	-100	-1	0	31	1028	TRUE	671017	0.00501010680423077	0.592929613876549	1142	376	6023	25400000	31
20221019 053500	binary	custom	TRUE	TRUE	FALSE	0	0	-100	-1	0	31	940	TRUE	671017	0.00502142547124352	0.58942575945484	649	529	8136	26530000	32
20221019 055202	binary	custom	TRUE	TRUE	FALSE	0	0	-100	-1	0	31	1098	TRUE	671017	0.00521696098089622	0.58367644409547	9	942	8464	25960000	33
20221019 060705	binary	custom	TRUE	TRUE	FALSE	0	0	-100	-1	0	31	1192	TRUE	671017	0.0050104426251782	0.593400358142155	508	533	9257	26930000	34
20221019 061950	binary	custom	TRUE	TRUE	FALSE	0	0	-100	-1	0	31	1289	TRUE	671017	0.00501103907688004	0.600040821809489	391	542	9977	26050000	35
20221019 062648	binary	custom	TRUE	TRUE	FALSE	0	0	-100	-1	0	31	779	TRUE	671017	0.00530708224462375	0.681917110972736	912	481	9069	26670000	36
20221019 062704	binary	custom	TRUE	TRUE	FALSE	0	0	-100	-1	0	31	33	TRUE	671017	0.279147839848873	0.769638906722079	7983	16	5012	22300000	37
20221019 063519	binary	custom	TRUE	TRUE	FALSE	0	0	-100	-1	0	31	638	TRUE	671017	0.00525904516862297	0.559236763471772	437	423	8995	26810000	38
20221019 064120	binary	custom	TRUE	TRUE	FALSE	0	0	-100	-1	0	31	543	TRUE	671017	0.00532281949987524	0.401931119508615	720	626	9196	26250000	39
20221019 070211	binary	custom	TRUE	TRUE	FALSE	0	0	-100	-1	0	31	2258	TRUE	671017	0.00515436813639294	0.998841139004412	0	446	9215	24770000	40
20221019 070234	binary	custom	TRUE	TRUE	FALSE	0	0	-100	-1	0	31	26	TRUE	671017	0.289729745121459	0.201879705735261	2137	31	5003	20560000	41
20221019 070256	binary	custom	TRUE	TRUE	FALSE	0	0	-100	-1	0	31	54	TRUE	671017	0.138564678237878	0.630284304693537	7989	1024	9371	24300000	42
20221019 070907	binary	custom	TRUE	TRUE	FALSE	0	0	-100	-1	0	31	1409	TRUE	671017	0.00510873867424033	0.278457299668148	7997	16	6115	23050000	43
20221019 071519	binary	custom	TRUE	TRUE	FALSE	0	0	-100	-1	0	31	1555	TRUE	671017	0.00517618072675615	0.997893272817507	7543	1024	14968	21510000	44
20221019 072222	binary	custom	TRUE	TRUE	FALSE	0	0	-100	-1	0	31	766	TRUE	671017	0.00538363264951781	0.596209953018132	980	767	9110	26500000	45
20221019 072250	binary	custom	TRUE	TRUE	FALSE	0	0	-100	-1	0	31	49	TRUE	671017	0.141894493606289	0.57561786455925	6159	16	9274	24420000	46
20221019 073304	binary	custom	TRUE	TRUE	FALSE	0	0	-100	-1	0	31	829	TRUE	671017	0.005610823008021	0.608474887048872	629	348	9251	27020000	47
20221019 073855	binary	custom	TRUE	TRUE	FALSE	0	0	-100	-1	0	31	1345	TRUE	671017	0.00505679722357531	0.609148353002139	772	22	9273	26500000	48
20221019 073909	binary	custom	TRUE	TRUE	FALSE	0	0	-100	-1	0	31	19	TRUE	671017	0.286235432456542	0.999157567328248	8000	1024	7334	23980000	49
20221019 074130	binary	custom	TRUE	TRUE	FALSE	0	0	-100	-1	0	31	626	TRUE	671017	0.016540383810745	0.202013785509409	7022	1024	7104	24440000	50
20221019 074654	binary	custom	TRUE	TRUE	FALSE	0	0	-100	-1	0	31	934	TRUE	671017	0.00646276378575513	0.994176876771123	2146	1024	5004	23360000	51
20221019 074715	binary	custom	TRUE	TRUE	FALSE	0	0	-100	-1	0	31	27	TRUE	671017	0.299194310702927	0.999973497319936	7994	16	9637	23690000	52
20221019 074738	binary	custom	TRUE	TRUE	FALSE	0	0	-100	-1	0	31	70	TRUE	671017	0.16917036798436	0.211321362603928	7997	1024	5948	23470000	53
20221019 074755	binary	custom	TRUE	TRUE	FALSE	0	0	-100	-1	0	31	15	TRUE	671017	0.299869615054342	0.981357787120968	2343	1022	5826	22030000	54
20221019 075447	binary	custom	TRUE	TRUE	FALSE	0	0	-100	-1	0	31	624	TRUE	671017	0.00507494256300304	0.595083046775636	818	302	9257	26290000	55
20221019 080238	binary	custom	TRUE	TRUE	FALSE	0	0	-100	-1	0	31	785	TRUE	671017	0.00521725132360818	0.735432288403397	590	171	9022	26360000	56
20221019 080916	binary	custom	TRUE	TRUE	FALSE	0	0	-100	-1	0	31	851	TRUE	671017	0.00508849838672983	0.786456528576327	1279	669	8755	25770000	57
20221019 081749	binary	custom	TRUE	TRUE	FALSE	0	0	-100	-1	0	31	999	TRUE	671017	0.00558931182137924	0.629466798281995	633	646	9041	26480000	58
20221019 081837	binary	custom	TRUE	TRUE	FALSE	0	0	-100	-1	0	31	115	TRUE	671017	0.0269022085763632	0.753104638599178	49	16	8366	25270000	59
20221019 082546	binary	custom	TRUE	TRUE	FALSE	0	0	-100	-1	0	31	1617	TRUE	671017	0.0056030208493119	0.501628093590104	556	16	9384	26680000	60
20221019 083401	binary	custom	TRUE	TRUE	FALSE	0	0	-100	-1	0	31	1530	TRUE	671017	0.00507287733724239	0.282664617501671	1099	1020	7900	26200000	61
20221019 084833	binary	custom	TRUE	TRUE	FALSE	0	0	-100	-1	0	31	1800	TRUE	671017	0.00502404004448589	0.345544666019026	34	452	9293	25660000	62
20221019 085435	binary	custom	TRUE	TRUE	FALSE	0	0	-100	-1	0	31	989	TRUE	671017	0.00503819785302145	0.630601887529569	2647	482	7735	25170000	63
20221019 090240	binary	custom	TRUE	TRUE	FALSE	0	0	-100	-1	0	31	783	TRUE	671017	0.00533027341364595	0.593406892576953	625	998	9221	26600000	64
20221019 091142	binary	custom	TRUE	TRUE	FALSE	0	0	-100	-1	0	31	1039	TRUE	671017	0.0053803468245333	0.38807995175243	449	1008	7761	26240000	65
20221019 091756	binary	custom	TRUE	TRUE	FALSE	0	0	-100	-1	0	31	654	TRUE	671017	0.00546071794771262	0.634449162559927	957	914	7783	26200000	66
20221019 091935	binary	custom	TRUE	TRUE	FALSE	0	0	-100	-1	0	31	350	TRUE	671017	0.0210299272420733	0.779884088715171	3618	16	7667	25230000	67
20221019 092055	binary	custom	TRUE	TRUE	FALSE	0	0	-100	-1	0	31	307	TRUE	671017	0.0205434440842148	0.918326381808621	1695	16	7431	25540000	68
20221019 092830	binary	custom	TRUE	TRUE	FALSE	0	0	-100	-1	0	31	869	TRUE	671017	0.00513747060434365	0.359152078906344	553	416	9209	26150000	69
20221019 093334	binary	custom	TRUE	TRUE	FALSE	0	0	-100	-1	0	31	354	TRUE	671017	0.00553655037475401	0.580487830052643	380	93	9804	26400000	70
20221019 094055	binary	custom	TRUE	TRUE	FALSE	0	0	-100	-1	0	31	969	TRUE	671017	0.00530112563862476	0.5619462866479	1556	1024	8697	25810000	71
20221019 094844	binary	custom	TRUE	TRUE	FALSE	0	0	-100	-1	0	31	1491	TRUE	671017	0.00514822993307111	0.201469177029326	820	856	7351	25380000	72
20221019 094912	binary	custom	TRUE	TRUE	FALSE	0	0	-100	-1	0	31	33	TRUE	671017	0.0895406814031499	0.493581221473419	565	16	9517	25530000	73
20221019 095515	binary	custom	TRUE	TRUE	FALSE	0	0	-100	-1	0	31	880	TRUE	671017	0.00516454025846282	0.700815713847191	1092	62	9329	25990000	74
20221019 100403	binary	custom	TRUE	TRUE	FALSE	0	0	-100	-1	0	31	1643	TRUE	671017	0.0055037149923251	0.441127458027957	1876	504	7853	25580000	75
20221019 100730	binary	custom	TRUE	TRUE	FALSE	0	0	-100	-1	0	31	551	TRUE	671017	0.010035802397097	0.50768545671848	5323	1024	9506	24670000	76
20221019 100822	binary	custom	TRUE	TRUE	FALSE	0	0	-100	-1	0	31	39	TRUE	671017	0.0638105459749418	0.548153945366242	714	949	9246	25830000	77
20221019 101025	binary	custom	TRUE	TRUE	FALSE	0	0	-100	-1	0	31	312	TRUE	671017	0.0143597388791654	0.393553152581672	4227	16	11083	24960000	78
20221019 101051	binary	custom	TRUE	TRUE	FALSE	0	0	-100	-1	0	31	67	TRUE	671017	0.0939894863863609	0.999869347036099	6442	757	10168	24310000	79
20221019 101634	binary	custom	TRUE	TRUE	FALSE	0	0	-100	-1	0	31	1232	TRUE	671017	0.00573702286303546	0.999191559549616	2922	26	5161	23120000	80
20221019 101659	binary	custom	TRUE	TRUE	FALSE	0	0	-100	-1	0	31	73	TRUE	671017	0.140305216401109	0.999372455415014	3924	16	11861	23320000	81
20221019 102453	binary	custom	TRUE	TRUE	FALSE	0	0	-100	-1	0	31	1582	TRUE	671017	0.00506588155053704	0.528106496699551	7996	765	8449	24790000	82
20221019 102924	binary	custom	TRUE	TRUE	FALSE	0	0	-100	-1	0	31	854	TRUE	671017	0.00581337509935297	0.928327340015816	5142	158	9690	24860000	83
20221019 103706	binary	custom	TRUE	TRUE	FALSE	0	0	-100	-1	0	31	1054	TRUE	671017	0.00516050803877303	0.391751050612875	861	1024	5996	25050000	84
20221019 104304	binary	custom	TRUE	TRUE	FALSE	0	0	-100	-1	0	31	1433	TRUE	671017	0.00513388867241119	0.200509645509693	6084	733	10846	24230000	85
20221019 104857	binary	custom	TRUE	TRUE	FALSE	0	0	-100	-1	0	31	299	TRUE	671017	0.00510633721471605	0.404686893560867	449	1022	10448	25910000	86
20221019 105419	binary	custom	TRUE	TRUE	FALSE	0	0	-100	-1	0	31	1296	TRUE	671017	0.0052549850960279	0.658539502810764	7993	358	9405	24710000	87
20221019 110011	binary	custom	TRUE	TRUE	FALSE	0	0	-100	-1	0	31	1478	TRUE	671017	0.00529815817954023	0.200324898305003	6351	177	10160	24800000	88
20221019 110521	binary	custom	TRUE	TRUE	FALSE	0	0	-100	-1	0	31	1179	TRUE	671017	0.00570141219930076	0.216580186275937	6024	16	14783	21640000	89
20221019 111144	binary	custom	TRUE	TRUE	FALSE	0	0	-100	-1	0	31	1335	TRUE	671017	0.00507406023842357	0.769230650915087	3668	873	11548	24350000	90
20221019 111843	binary	custom	TRUE	TRUE	FALSE	0	0	-100	-1	0	31	1147	TRUE	671017	0.00513853166748257	0.489526972910001	3815	972	7406	25190000	91
20221019 111922	binary	custom	TRUE	TRUE	FALSE	0	0	-100	-1	0	31	93	TRUE	671017	0.0462047945615683	0.999969269982373	7997	144	7906	24350000	92
20221019 112821	binary	custom	TRUE	TRUE	FALSE	0	0	-100	-1	0	31	1047	TRUE	671017	0.00512566063343928	0.23399237657965	288	1024	12865	24110000	93
20221019 113422	binary	custom	TRUE	TRUE	FALSE	0	0	-100	-1	0	31	1082	TRUE	671017	0.00632094645896725	0.488889585226241	5115	175	7345	24670000	94
20221019 114102	binary	custom	TRUE	TRUE	FALSE	0	0	-100	-1	0	31	1611	TRUE	671017	0.00500507704436145	0.638769595642941	5390	814	7912	24900000	95
20221019 114539	binary	custom	TRUE	TRUE	FALSE	0	0	-100	-1	0	31	765	TRUE	671017	0.00510698082790692	0.302683332287705	502	16	10938	25250000	96
20221019 114555	binary	custom	TRUE	TRUE	FALSE	0	0	-100	-1	0	31	30	TRUE	671017	0.292621578845613	0.819360086322481	7998	638	9478	24330000	97
20221019 114614	binary	custom	TRUE	TRUE	FALSE	0	0	-100	-1	0	31	36	TRUE	671017	0.292331763500964	0.200518691519371	7998	234	8955	24330000	98
20221019 115038	binary	custom	TRUE	TRUE	FALSE	0	0	-100	-1	0	31	729	TRUE	671017	0.00618398252169915	0.384771567801833	7990	16	10044	24480000	99
20221019 115054	binary	custom	TRUE	TRUE	FALSE	0	0	-100	-1	0	31	20	TRUE	671017	0.299279304876906	0.998250125616154	5363	1024	10175	24290000	100
20221019 115606	binary	custom	TRUE	TRUE	FALSE	0	0	-100	-1	0	31	1231	TRUE	671017	0.00535311930630681	0.203827983743579	7960	605	5013	21900000	101
20221019 115630	binary	custom	TRUE	TRUE	FALSE	0	0	-100	-1	0	31	36	TRUE	671017	0.243685878230278	0.200143610232969	4966	1023	7984	23400000	102
20221019 115645	binary	custom	TRUE	TRUE	FALSE	0	0	-100	-1	0	31	17	TRUE	671017	0.299668923908404	0.999263260326914	6328	233	7683	2.4e+07	103
20221019 121002	binary	custom	TRUE	TRUE	FALSE	0	0	-100	-1	0	31	1685	TRUE	671017	0.00514074450697358	0.92226649838909	520	1024	9668	26110000	104
20221019 121845	binary	custom	TRUE	TRUE	FALSE	0	0	-100	-1	0	31	823	TRUE	671017	0.0050047024855902	0.780076294910578	596	873	9463	26200000	105
20221019 122754	binary	custom	TRUE	TRUE	FALSE	0	0	-100	-1	0	31	949	TRUE	671017	0.00516613341815249	0.801079215664664	597	1024	7829	26750000	106
20221019 123137	binary	custom	TRUE	TRUE	FALSE	0	0	-100	-1	0	31	329	TRUE	671017	0.0147714262632411	0.993429027096591	515	1024	7499	25730000	107
20221019 123332	binary	custom	TRUE	TRUE	FALSE	0	0	-100	-1	0	31	153	TRUE	671017	0.025093843681258	0.709449705054333	586	1024	8181	26120000	108
20221019 123622	binary	custom	TRUE	TRUE	FALSE	0	0	-100	-1	0	31	419	TRUE	671017	0.0115905671236841	0.400629318213501	3316	98	7841	25200000	109
20221019 123649	binary	custom	TRUE	TRUE	FALSE	0	0	-100	-1	0	31	53	TRUE	671017	0.124672132901432	0.999718108978212	3292	159	7453	23980000	110
20221019 124409	binary	custom	TRUE	TRUE	FALSE	0	0	-100	-1	0	31	2219	TRUE	671017	0.00568331281488561	0.207223099190851	554	16	7322	2.6e+07	111
20221019 125020	binary	custom	TRUE	TRUE	FALSE	0	0	-100	-1	0	31	1438	TRUE	671017	0.00534168793951845	0.761892862704185	5372	382	11464	24120000	112
20221019 125847	binary	custom	TRUE	TRUE	FALSE	0	0	-100	-1	0	31	980	TRUE	671017	0.00678690121793705	0.80621944881941	571	1023	11321	25040000	113
20221019 125912	binary	custom	TRUE	TRUE	FALSE	0	0	-100	-1	0	31	29	TRUE	671017	0.299639405284296	0.200567498361674	6245	17	11262	23480000	114
20221019 125929	binary	custom	TRUE	TRUE	FALSE	0	0	-100	-1	0	31	26	TRUE	671017	0.190846543122604	0.802680765096587	7998	343	8431	24660000	115
20221019 130529	binary	custom	TRUE	TRUE	FALSE	0	0	-100	-1	0	31	1341	TRUE	671017	0.00522462756136252	0.201519844302854	3574	730	6947	24430000	116
20221019 130547	binary	custom	TRUE	TRUE	FALSE	0	0	-100	-1	0	31	35	TRUE	671017	0.298037560469522	0.997082074309244	7999	714	5009	22470000	117
20221019 130922	binary	custom	TRUE	TRUE	FALSE	0	0	-100	-1	0	31	711	TRUE	671017	0.00919348333089853	0.594125201377296	7991	849	11309	23950000	118
20221019 131034	binary	custom	TRUE	TRUE	FALSE	0	0	-100	-1	0	31	195	TRUE	671017	0.0318722087494642	0.980589708337708	4604	1024	7890	25180000	119
20221019 131957	binary	custom	TRUE	TRUE	FALSE	0	0	-100	-1	0	31	979	TRUE	671017	0.0050057465780339	0.762886533644426	587	377	9268	26270000	120
