fecha	objective	metric	first_metric_only	boost_from_average	feature_pre_filter	lambda_l1	lambda_l2	verbosity	max_depth	min_gain_to_split	max_bin	num_iterations	force_row_wise	seed	learning_rate	feature_fraction	min_data_in_leaf	num_leaves	envios	ganancia	iteracion
20221018 235008	binary	custom	TRUE	TRUE	FALSE	0	0	-100	-1	0	31	28	TRUE	671017	0.22676499050745	0.719052673857659	4828	376	10668	24830000	1
20221018 235028	binary	custom	TRUE	TRUE	FALSE	0	0	-100	-1	0	31	78	TRUE	671017	0.182384336770279	0.5891532068979	5389	598	12259	23890000	2
20221018 235055	binary	custom	TRUE	TRUE	FALSE	0	0	-100	-1	0	31	84	TRUE	671017	0.099840129252465	0.723285818127915	3139	255	10206	25750000	3
20221018 235145	binary	custom	TRUE	TRUE	FALSE	0	0	-100	-1	0	31	78	TRUE	671017	0.123532827648276	0.669307016413659	137	531	8982	25240000	4
20221018 235215	binary	custom	TRUE	TRUE	FALSE	0	0	-100	-1	0	31	186	TRUE	671017	0.0698922060873592	0.890453731175512	5764	500	7309	25470000	5
20221018 235234	binary	custom	TRUE	TRUE	FALSE	0	0	-100	-1	0	31	37	TRUE	671017	0.270234798372374	0.334294350966811	1145	796	11118	23850000	6
20221018 235255	binary	custom	TRUE	TRUE	FALSE	0	0	-100	-1	0	31	65	TRUE	671017	0.117964977533498	0.427896328726783	4772	860	5193	24020000	7
20221018 235307	binary	custom	TRUE	TRUE	FALSE	0	0	-100	-1	0	31	22	TRUE	671017	0.293558102366514	0.761193333761767	1702	693	14226	21710000	8
20221018 235323	binary	custom	TRUE	TRUE	FALSE	0	0	-100	-1	0	31	22	TRUE	671017	0.179595653725031	0.945435672607273	1265	136	5830	25460000	9
20221018 235353	binary	custom	TRUE	TRUE	FALSE	0	0	-100	-1	0	31	157	TRUE	671017	0.219776174139464	0.379697397015989	6518	653	7923	25360000	10
20221018 235446	binary	custom	TRUE	TRUE	FALSE	0	0	-100	-1	0	31	210	TRUE	671017	0.0376765375988325	0.461790258930996	3884	281	13178	24370000	11
20221018 235502	binary	custom	TRUE	TRUE	FALSE	0	0	-100	-1	0	31	69	TRUE	671017	0.276901581451995	0.219542958540842	6373	910	13830	22260000	12
20221018 235515	binary	custom	TRUE	TRUE	FALSE	0	0	-100	-1	0	31	31	TRUE	671017	0.242085627961729	0.625515401521698	4304	94	9331	25500000	13
20221018 235658	binary	custom	TRUE	TRUE	FALSE	0	0	-100	-1	0	31	422	TRUE	671017	0.0302535722597968	0.252814573133364	2519	1010	9978	26050000	14
20221018 235724	binary	custom	TRUE	TRUE	FALSE	0	0	-100	-1	0	31	159	TRUE	671017	0.0888028502411325	0.842802674891427	7504	168	11979	24610000	15
20221019 000039	binary	custom	TRUE	TRUE	FALSE	0	0	-100	-1	0	31	1389	TRUE	671017	0.0116583858904778	0.99518835500814	7038	928	6134	25260000	16
20221019 000105	binary	custom	TRUE	TRUE	FALSE	0	0	-100	-1	0	31	50	TRUE	671017	0.15725580684474	0.50254293506965	673	348	14841	21280000	17
20221019 000159	binary	custom	TRUE	TRUE	FALSE	0	0	-100	-1	0	31	238	TRUE	671017	0.0565196822989383	0.54924321631901	2368	33	6765	25830000	18
20221019 000231	binary	custom	TRUE	TRUE	FALSE	0	0	-100	-1	0	31	121	TRUE	671017	0.13949900582165	0.28863959540613	7893	430	12831	24180000	19
20221019 000246	binary	custom	TRUE	TRUE	FALSE	0	0	-100	-1	0	31	47	TRUE	671017	0.198138930836285	0.836335877776146	3439	747	8419	25650000	20
20221019 000739	binary	custom	TRUE	TRUE	FALSE	0	0	-100	-1	0	31	1346	TRUE	671017	0.00521934988578579	0.309984756841255	3259	449	9089	25910000	21
20221019 001113	binary	custom	TRUE	TRUE	FALSE	0	0	-100	-1	0	31	782	TRUE	671017	0.00517873617064485	0.787300726230745	2719	1023	9273	25860000	22
20221019 001150	binary	custom	TRUE	TRUE	FALSE	0	0	-100	-1	0	31	219	TRUE	671017	0.0775136781221984	0.984228817930321	2387	16	8003	26720000	23
20221019 001415	binary	custom	TRUE	TRUE	FALSE	0	0	-100	-1	0	31	1114	TRUE	671017	0.0130648364850026	0.997715362540218	1983	16	8099	26610000	24
20221019 001436	binary	custom	TRUE	TRUE	FALSE	0	0	-100	-1	0	31	48	TRUE	671017	0.183646823392777	0.997428222747864	7994	16	7860	25160000	25
20221019 001502	binary	custom	TRUE	TRUE	FALSE	0	0	-100	-1	0	31	110	TRUE	671017	0.116488685872141	0.998906851515274	2080	16	8258	27010000	26
20221019 001514	binary	custom	TRUE	TRUE	FALSE	0	0	-100	-1	0	31	28	TRUE	671017	0.274730651407882	0.997508773852716	1856	16	8193	26100000	27
20221019 001532	binary	custom	TRUE	TRUE	FALSE	0	0	-100	-1	0	31	82	TRUE	671017	0.134662814803531	0.999753131387048	1953	16	8581	26440000	28
20221019 001548	binary	custom	TRUE	TRUE	FALSE	0	0	-100	-1	0	31	66	TRUE	671017	0.108203670495194	0.85259533189055	805	16	7652	26860000	29
20221019 001611	binary	custom	TRUE	TRUE	FALSE	0	0	-100	-1	0	31	104	TRUE	671017	0.299911097506203	0.999771793005694	3234	1023	6674	24500000	30
20221019 001626	binary	custom	TRUE	TRUE	FALSE	0	0	-100	-1	0	31	49	TRUE	671017	0.109962419152025	0.914855003094831	2387	17	7939	26530000	31
20221019 001647	binary	custom	TRUE	TRUE	FALSE	0	0	-100	-1	0	31	54	TRUE	671017	0.0866896510394438	0.944726927077082	791	55	8222	26520000	32
20221019 001729	binary	custom	TRUE	TRUE	FALSE	0	0	-100	-1	0	31	128	TRUE	671017	0.0909609849583381	0.99725148430298	377	19	7297	26610000	33
20221019 001749	binary	custom	TRUE	TRUE	FALSE	0	0	-100	-1	0	31	70	TRUE	671017	0.0863066652018855	0.930743465041024	3304	31	8300	26280000	34
20221019 001840	binary	custom	TRUE	TRUE	FALSE	0	0	-100	-1	0	31	169	TRUE	671017	0.131010617934866	0.513108322355726	755	150	7541	25960000	35
20221019 002005	binary	custom	TRUE	TRUE	FALSE	0	0	-100	-1	0	31	395	TRUE	671017	0.0223556772597365	0.415276284312843	6360	798	9683	25440000	36
20221019 002034	binary	custom	TRUE	TRUE	FALSE	0	0	-100	-1	0	31	70	TRUE	671017	0.0945581964752656	0.999214616504615	1426	560	7647	26630000	37
20221019 002055	binary	custom	TRUE	TRUE	FALSE	0	0	-100	-1	0	31	130	TRUE	671017	0.111513254872433	0.759202707854512	1205	17	7640	26720000	38
20221019 002239	binary	custom	TRUE	TRUE	FALSE	0	0	-100	-1	0	31	595	TRUE	671017	0.0147044167370595	0.200490837776241	3984	16	10153	25700000	39
20221019 002308	binary	custom	TRUE	TRUE	FALSE	0	0	-100	-1	0	31	171	TRUE	671017	0.0775703303643625	0.998733113606667	1469	17	7636	26810000	40
20221019 002317	binary	custom	TRUE	TRUE	FALSE	0	0	-100	-1	0	31	5	TRUE	671017	0.229256744086021	0.793697141898097	35	18	7487	21990000	41
20221019 002349	binary	custom	TRUE	TRUE	FALSE	0	0	-100	-1	0	31	181	TRUE	671017	0.0437569662280798	0.978019704946377	1679	16	8644	26880000	42
20221019 002409	binary	custom	TRUE	TRUE	FALSE	0	0	-100	-1	0	31	89	TRUE	671017	0.063923231716633	0.982449941334119	303	16	8593	26340000	43
20221019 002455	binary	custom	TRUE	TRUE	FALSE	0	0	-100	-1	0	31	132	TRUE	671017	0.0349101449875089	0.999849891023152	1702	527	7957	26490000	44
20221019 002512	binary	custom	TRUE	TRUE	FALSE	0	0	-100	-1	0	31	36	TRUE	671017	0.274514990463836	0.978553135979105	6705	16	8479	25290000	45
20221019 002527	binary	custom	TRUE	TRUE	FALSE	0	0	-100	-1	0	31	21	TRUE	671017	0.118057666561198	0.999483631929796	532	59	7152	25780000	46
20221019 002546	binary	custom	TRUE	TRUE	FALSE	0	0	-100	-1	0	31	117	TRUE	671017	0.116805849997802	0.706564485141105	47	17	8598	25530000	47
20221019 002631	binary	custom	TRUE	TRUE	FALSE	0	0	-100	-1	0	31	320	TRUE	671017	0.0438432560262356	0.815156526964522	1060	21	7555	26890000	48
20221019 002702	binary	custom	TRUE	TRUE	FALSE	0	0	-100	-1	0	31	95	TRUE	671017	0.0930778679239884	0.803761491738822	1068	198	7503	26680000	49
20221019 002729	binary	custom	TRUE	TRUE	FALSE	0	0	-100	-1	0	31	82	TRUE	671017	0.0751691106257789	0.798175427115685	2098	115	8329	26790000	50
20221019 002755	binary	custom	TRUE	TRUE	FALSE	0	0	-100	-1	0	31	134	TRUE	671017	0.0550399825813923	0.688716558344872	809	16	7398	26730000	51
20221019 002838	binary	custom	TRUE	TRUE	FALSE	0	0	-100	-1	0	31	273	TRUE	671017	0.0474358406821299	0.987820509853663	2199	20	9179	26610000	52
20221019 002937	binary	custom	TRUE	TRUE	FALSE	0	0	-100	-1	0	31	262	TRUE	671017	0.0287048652759488	0.770181231222639	2317	146	8768	25910000	53
20221019 003001	binary	custom	TRUE	TRUE	FALSE	0	0	-100	-1	0	31	71	TRUE	671017	0.0919390064550852	0.999255425694414	2067	265	7704	26040000	54
20221019 003044	binary	custom	TRUE	TRUE	FALSE	0	0	-100	-1	0	31	196	TRUE	671017	0.0802773029008677	0.824410904955012	1564	754	8116	26810000	55
20221019 003107	binary	custom	TRUE	TRUE	FALSE	0	0	-100	-1	0	31	68	TRUE	671017	0.10805747035738	0.999506253812952	2086	760	8378	26290000	56
20221019 003135	binary	custom	TRUE	TRUE	FALSE	0	0	-100	-1	0	31	82	TRUE	671017	0.086951188851042	0.800114612794109	1568	65	7645	26630000	57
20221019 003217	binary	custom	TRUE	TRUE	FALSE	0	0	-100	-1	0	31	116	TRUE	671017	0.042883473105306	0.9031726175515	1360	987	8121	26880000	58
20221019 003356	binary	custom	TRUE	TRUE	FALSE	0	0	-100	-1	0	31	262	TRUE	671017	0.0267434036267681	0.560861676903367	1426	80	8138	27170000	59
20221019 003448	binary	custom	TRUE	TRUE	FALSE	0	0	-100	-1	0	31	185	TRUE	671017	0.0402914030243872	0.280888993401353	1427	690	8236	26970000	60
20221019 004159	binary	custom	TRUE	TRUE	FALSE	0	0	-100	-1	0	31	2704	TRUE	671017	0.00528283057073027	0.394792793302941	1341	17	7966	26790000	61
20221019 004301	binary	custom	TRUE	TRUE	FALSE	0	0	-100	-1	0	31	186	TRUE	671017	0.0302075102519332	0.798279488311196	1408	538	8291	27020000	62
20221019 004404	binary	custom	TRUE	TRUE	FALSE	0	0	-100	-1	0	31	267	TRUE	671017	0.0475303045925568	0.457343118137866	1502	58	8124	26400000	63
20221019 004459	binary	custom	TRUE	TRUE	FALSE	0	0	-100	-1	0	31	181	TRUE	671017	0.0223121016193918	0.992358307658619	1407	45	8144	26760000	64
20221019 004653	binary	custom	TRUE	TRUE	FALSE	0	0	-100	-1	0	31	380	TRUE	671017	0.0247589386418422	0.523229923952572	1006	774	7993	26980000	65
20221019 004750	binary	custom	TRUE	TRUE	FALSE	0	0	-100	-1	0	31	244	TRUE	671017	0.0582560014505808	0.867649510275161	1421	737	9271	26260000	66
20221019 004933	binary	custom	TRUE	TRUE	FALSE	0	0	-100	-1	0	31	384	TRUE	671017	0.023595257290486	0.56819287703854	1386	820	7966	27110000	67
20221019 005058	binary	custom	TRUE	TRUE	FALSE	0	0	-100	-1	0	31	340	TRUE	671017	0.0182768453075516	0.208477097025767	1446	697	8340	26840000	68
20221019 005235	binary	custom	TRUE	TRUE	FALSE	0	0	-100	-1	0	31	380	TRUE	671017	0.0328346467792644	0.554336014933325	1260	665	8175	27010000	69
20221019 005350	binary	custom	TRUE	TRUE	FALSE	0	0	-100	-1	0	31	160	TRUE	671017	0.0256815741690829	0.678592676615971	1394	91	7771	27180000	70
20221019 005512	binary	custom	TRUE	TRUE	FALSE	0	0	-100	-1	0	31	125	TRUE	671017	0.0317299278714006	0.740827174376333	348	705	7622	27160000	71
20221019 005715	binary	custom	TRUE	TRUE	FALSE	0	0	-100	-1	0	31	145	TRUE	671017	0.0246400713311982	0.37624635911481	361	414	7703	27240000	72
20221019 005830	binary	custom	TRUE	TRUE	FALSE	0	0	-100	-1	0	31	113	TRUE	671017	0.025715383607917	0.651687416463632	346	162	7640	27440000	73
20221019 005934	binary	custom	TRUE	TRUE	FALSE	0	0	-100	-1	0	31	95	TRUE	671017	0.0256029778099747	0.591455299483926	111	194	6772	26380000	74
20221019 010557	binary	custom	TRUE	TRUE	FALSE	0	0	-100	-1	0	31	666	TRUE	671017	0.00520007415163832	0.535041270654076	400	644	7906	27310000	75
20221019 010802	binary	custom	TRUE	TRUE	FALSE	0	0	-100	-1	0	31	279	TRUE	671017	0.012852425412736	0.615747096335355	375	80	7980	27560000	76
20221019 011206	binary	custom	TRUE	TRUE	FALSE	0	0	-100	-1	0	31	488	TRUE	671017	0.0106347262769834	0.612782055132222	1	335	8104	26040000	77
20221019 011516	binary	custom	TRUE	TRUE	FALSE	0	0	-100	-1	0	31	361	TRUE	671017	0.00936124844114618	0.597510147673741	537	389	7635	27130000	78
20221019 011633	binary	custom	TRUE	TRUE	FALSE	0	0	-100	-1	0	31	211	TRUE	671017	0.0295509271732602	0.22747401451532	474	1012	8143	26600000	79
20221019 011729	binary	custom	TRUE	TRUE	FALSE	0	0	-100	-1	0	31	277	TRUE	671017	0.0773980349830112	0.264766374484036	2907	1017	8288	26950000	80
20221019 011806	binary	custom	TRUE	TRUE	FALSE	0	0	-100	-1	0	31	169	TRUE	671017	0.0788378729754566	0.33688835143723	3493	1001	8541	26760000	81
20221019 011831	binary	custom	TRUE	TRUE	FALSE	0	0	-100	-1	0	31	95	TRUE	671017	0.1178147162717	0.20098486620442	3105	920	9237	26250000	82
20221019 011922	binary	custom	TRUE	TRUE	FALSE	0	0	-100	-1	0	31	154	TRUE	671017	0.0333139715154424	0.274166008292463	1433	1006	6098	26290000	83
20221019 011958	binary	custom	TRUE	TRUE	FALSE	0	0	-100	-1	0	31	158	TRUE	671017	0.0552039048981319	0.25346448186677	3211	1021	7151	26580000	84
20221019 012025	binary	custom	TRUE	TRUE	FALSE	0	0	-100	-1	0	31	109	TRUE	671017	0.0578633494313524	0.990547467139973	3964	1015	9361	25520000	85
20221019 012103	binary	custom	TRUE	TRUE	FALSE	0	0	-100	-1	0	31	37	TRUE	671017	0.0754242101107631	0.488698974412466	376	663	7758	26650000	86
20221019 012357	binary	custom	TRUE	TRUE	FALSE	0	0	-100	-1	0	31	1138	TRUE	671017	0.00508258369615938	0.711012078969276	372	17	7592	27460000	87
20221019 012428	binary	custom	TRUE	TRUE	FALSE	0	0	-100	-1	0	31	129	TRUE	671017	0.0789164972562593	0.209693958988109	3687	311	7813	26540000	88
20221019 012454	binary	custom	TRUE	TRUE	FALSE	0	0	-100	-1	0	31	119	TRUE	671017	0.0751882170053689	0.201531674119794	2987	17	8107	26270000	89
20221019 012520	binary	custom	TRUE	TRUE	FALSE	0	0	-100	-1	0	31	84	TRUE	671017	0.0661478442297751	0.616547713660491	3113	928	8225	26350000	90
20221019 012728	binary	custom	TRUE	TRUE	FALSE	0	0	-100	-1	0	31	1151	TRUE	671017	0.0124768650488827	0.720877495948899	392	16	5582	26520000	91
20221019 012945	binary	custom	TRUE	TRUE	FALSE	0	0	-100	-1	0	31	802	TRUE	671017	0.0137265230147763	0.200902403710203	3873	1010	8045	26150000	92
20221019 013641	binary	custom	TRUE	TRUE	FALSE	0	0	-100	-1	0	31	934	TRUE	671017	0.00530528679972317	0.669802611808911	380	1014	6443	27280000	93
20221019 014520	binary	custom	TRUE	TRUE	FALSE	0	0	-100	-1	0	31	1599	TRUE	671017	0.00514287847091173	0.33879351130048	371	836	6204	26720000	94
20221019 015250	binary	custom	TRUE	TRUE	FALSE	0	0	-100	-1	0	31	965	TRUE	671017	0.00515520443288634	0.995045887116385	379	941	6732	26860000	95
20221019 015652	binary	custom	TRUE	TRUE	FALSE	0	0	-100	-1	0	31	522	TRUE	671017	0.0106122911363445	0.577366558193157	360	1023	7315	27210000	96
20221019 015804	binary	custom	TRUE	TRUE	FALSE	0	0	-100	-1	0	31	184	TRUE	671017	0.0246215763265064	0.749660612985706	859	1024	6350	26260000	97
20221019 015856	binary	custom	TRUE	TRUE	FALSE	0	0	-100	-1	0	31	306	TRUE	671017	0.0538892671165505	0.20016272090006	2723	982	6065	25630000	98
20221019 015916	binary	custom	TRUE	TRUE	FALSE	0	0	-100	-1	0	31	78	TRUE	671017	0.135946218907731	0.201571974743983	3625	1002	7459	26290000	99
20221019 015935	binary	custom	TRUE	TRUE	FALSE	0	0	-100	-1	0	31	69	TRUE	671017	0.259118757268653	0.287069857755495	2833	16	8227	25870000	100
20221019 015957	binary	custom	TRUE	TRUE	FALSE	0	0	-100	-1	0	31	73	TRUE	671017	0.140123200235179	0.438591892462368	3751	37	8935	26210000	101
20221019 020226	binary	custom	TRUE	TRUE	FALSE	0	0	-100	-1	0	31	839	TRUE	671017	0.0164495910960755	0.502477097499303	3556	16	6672	26020000	102
20221019 020340	binary	custom	TRUE	TRUE	FALSE	0	0	-100	-1	0	31	359	TRUE	671017	0.0200721622357953	0.565202134214581	395	20	7800	26880000	103
20221019 020818	binary	custom	TRUE	TRUE	FALSE	0	0	-100	-1	0	31	591	TRUE	671017	0.00601776129984064	0.647575282548275	353	243	8101	27480000	104
20221019 021407	binary	custom	TRUE	TRUE	FALSE	0	0	-100	-1	0	31	1111	TRUE	671017	0.00504147723489701	0.354426561240068	721	676	8021	27240000	105
20221019 021926	binary	custom	TRUE	TRUE	FALSE	0	0	-100	-1	0	31	672	TRUE	671017	0.0054677160778545	0.338315676826851	370	601	7948	27390000	106
20221019 022441	binary	custom	TRUE	TRUE	FALSE	0	0	-100	-1	0	31	1286	TRUE	671017	0.0052909251358955	0.283317916675837	1083	611	7678	27130000	107
20221019 022613	binary	custom	TRUE	TRUE	FALSE	0	0	-100	-1	0	31	414	TRUE	671017	0.0198764306487585	0.313204853485384	2058	1023	8106	26750000	108
20221019 022653	binary	custom	TRUE	TRUE	FALSE	0	0	-100	-1	0	31	207	TRUE	671017	0.120395710660766	0.332824932572799	2449	957	8247	26630000	109
20221019 022716	binary	custom	TRUE	TRUE	FALSE	0	0	-100	-1	0	31	72	TRUE	671017	0.124040927820733	0.390520589627892	3289	367	7790	25940000	110
20221019 023310	binary	custom	TRUE	TRUE	FALSE	0	0	-100	-1	0	31	702	TRUE	671017	0.00510616637660796	0.399919412029474	379	823	7659	27170000	111
20221019 023629	binary	custom	TRUE	TRUE	FALSE	0	0	-100	-1	0	31	695	TRUE	671017	0.00946937388315505	0.307567653365851	933	408	8584	27240000	112
20221019 023910	binary	custom	TRUE	TRUE	FALSE	0	0	-100	-1	0	31	381	TRUE	671017	0.0131404103626418	0.360227958709377	415	481	8850	27180000	113
20221019 024426	binary	custom	TRUE	TRUE	FALSE	0	0	-100	-1	0	31	1356	TRUE	671017	0.00519235262097766	0.598394766577474	1710	828	8371	26780000	114
20221019 024506	binary	custom	TRUE	TRUE	FALSE	0	0	-100	-1	0	31	135	TRUE	671017	0.0823660255008188	0.219811397142697	860	300	8143	26280000	115
20221019 024919	binary	custom	TRUE	TRUE	FALSE	0	0	-100	-1	0	31	853	TRUE	671017	0.00585714977839486	0.630980899445596	1003	118	8491	26700000	116
20221019 025155	binary	custom	TRUE	TRUE	FALSE	0	0	-100	-1	0	31	575	TRUE	671017	0.0104154923098138	0.326981472386765	1135	933	8541	27240000	117
20221019 025508	binary	custom	TRUE	TRUE	FALSE	0	0	-100	-1	0	31	399	TRUE	671017	0.0102233499644034	0.622029126808728	426	866	7966	27270000	118
20221019 025548	binary	custom	TRUE	TRUE	FALSE	0	0	-100	-1	0	31	144	TRUE	671017	0.0583261370656592	0.585145960191658	4229	19	8340	26280000	119
20221019 025948	binary	custom	TRUE	TRUE	FALSE	0	0	-100	-1	0	31	772	TRUE	671017	0.00540004589475287	0.306257951333607	1371	981	9591	26580000	120
